-0.5203,0.50684
-0.5203,0.5031
-0.5203,0.49936
-0.5203,0.49562
-0.5203,0.49188
-0.5203,0.48814
-0.5203,0.4844
-0.51656,0.48066
-0.51282,0.47692
-0.51282,0.47318
-0.51282,0.46945
-0.51282,0.46571
-0.51282,0.46197
-0.51282,0.45823
-0.51282,0.45449
-0.51282,0.45075
-0.51282,0.44701
-0.51656,0.44327
-0.51656,0.43953
-0.51656,0.43579
-0.51656,0.43205
-0.51656,0.42831
-0.51282,0.42458
-0.51282,0.42084
-0.51282,0.4171
-0.50908,0.41336
-0.50908,0.40962
-0.50908,0.40588
-0.50908,0.40214
-0.50908,0.3984
-0.51282,0.39466
-0.51282,0.39092
-0.50908,0.38718
-0.50908,0.38344
-0.50534,0.3797
-0.50534,0.37597
-0.50534,0.37223
-0.50534,0.36849
-0.50534,0.36475
-0.50534,0.36101
-0.5016,0.35727
-0.5016,0.35353
-0.5016,0.34979
-0.49786,0.34605
-0.49786,0.34231
-0.49412,0.33857
-0.49412,0.33483
-0.49412,0.3311
-0.49412,0.32736
-0.49412,0.32362
-0.49412,0.31988
-0.49412,0.31614
-0.49412,0.3124
-0.49412,0.30866
-0.49038,0.30492
-0.49038,0.30118
-0.49038,0.29744
-0.49038,0.2937
-0.49038,0.28996
-0.49038,0.28622
-0.48664,0.28249
-0.48664,0.27875
-0.4829,0.27501
-0.4829,0.27127
-0.4829,0.26753
-0.47916,0.26379
-0.47916,0.26005
-0.47542,0.25631
-0.47169,0.25257
-0.47169,0.24883
-0.47169,0.24509
-0.47169,0.24135
-0.47542,0.23761
-0.47542,0.23388
-0.47169,0.23014
-0.47169,0.2264
-0.46795,0.22266
-0.46795,0.21892
-0.46421,0.21518
-0.46421,0.21144
-0.46421,0.2077
-0.46421,0.20396
-0.46047,0.20022
-0.46047,0.19648
-0.46047,0.19274
-0.46047,0.18901
-0.46047,0.18527
-0.45673,0.18153
-0.45673,0.17779
-0.45673,0.17405
-0.46047,0.17031
-0.45673,0.16657
-0.45673,0.16283
-0.45673,0.15909
-0.45673,0.15535
-0.45299,0.15161
-0.45299,0.14787
-0.44925,0.14413
-0.44925,0.1404
-0.44551,0.13666
-0.44551,0.13292
-0.44177,0.12918
-0.44177,0.12544
-0.43803,0.1217
-0.43803,0.11796
-0.43429,0.11422
-0.43429,0.11048
-0.43429,0.10674
-0.43429,0.103
-0.43429,0.099264
-0.43429,0.095525
-0.43055,0.091786
-0.43055,0.088047
-0.43055,0.084307
-0.42682,0.080568
-0.42308,0.076829
-0.42308,0.07309
-0.41934,0.069351
-0.4156,0.065611
-0.4156,0.061872
-0.4156,0.058133
-0.4156,0.054394
-0.41186,0.050655
-0.41186,0.046915
-0.40812,0.043176
-0.40438,0.039437
-0.40064,0.035698
-0.40064,0.031959
-0.40064,0.028219
-0.40064,0.02448
-0.40064,0.020741
-0.40064,0.017002
-0.3969,0.013262
-0.3969,0.0095233
-0.39316,0.0057841
-0.38942,0.0020448
-0.38568,-0.0016944
-0.38194,-0.0054336
-0.37821,-0.0091728
-0.37821,-0.012912
-0.37447,-0.016651
-0.37073,-0.02039
-0.36699,-0.02413
-0.36325,-0.027869
-0.36325,-0.031608
-0.36325,-0.035347
-0.36325,-0.039086
-0.36325,-0.042826
-0.36325,-0.046565
-0.35951,-0.050304
-0.35951,-0.054043
-0.35577,-0.057782
-0.35577,-0.061522
-0.35203,-0.065261
-0.34829,-0.069
-0.34829,-0.072739
-0.34455,-0.076479
-0.34455,-0.080218
-0.34081,-0.083957
-0.33707,-0.087696
-0.33707,-0.091435
-0.33333,-0.095175
-0.3296,-0.098914
-0.3296,-0.10265
-0.32586,-0.10639
-0.32586,-0.11013
-0.32586,-0.11387
-0.32212,-0.11761
-0.32212,-0.12135
-0.31838,-0.12509
-0.31464,-0.12883
-0.3109,-0.13257
-0.3109,-0.13631
-0.30716,-0.14005
-0.30342,-0.14378
-0.29968,-0.14752
-0.29594,-0.15126
-0.2922,-0.155
-0.28846,-0.15874
-0.28473,-0.15874
-0.28099,-0.16248
-0.27725,-0.16622
-0.27351,-0.16996
-0.27351,-0.1737
-0.26977,-0.17744
-0.26603,-0.18118
-0.26229,-0.18492
-0.25855,-0.18865
-0.25855,-0.19239
-0.25481,-0.19613
-0.25107,-0.19987
-0.25107,-0.20361
-0.24733,-0.20735
-0.24359,-0.21109
-0.23985,-0.21483
-0.23612,-0.21857
-0.23238,-0.22231
-0.22864,-0.22605
-0.2249,-0.22979
-0.22116,-0.23353
-0.21742,-0.23726
-0.21368,-0.23726
-0.20994,-0.241
-0.20994,-0.24474
-0.2062,-0.24474
-0.20246,-0.24848
-0.19872,-0.25222
-0.19498,-0.25596
-0.19124,-0.2597
-0.19124,-0.26344
-0.18751,-0.26718
-0.18751,-0.27092
-0.18377,-0.27466
-0.18377,-0.2784
-0.18003,-0.28213
-0.18003,-0.28587
-0.17629,-0.28961
-0.17629,-0.29335
-0.17255,-0.29709
-0.17255,-0.30083
-0.16881,-0.30457
-0.16507,-0.30831
-0.16133,-0.31205
-0.15759,-0.31205
-0.15385,-0.31579
-0.15011,-0.31953
-0.14637,-0.32327
-0.14264,-0.32701
-0.1389,-0.33074
-0.13516,-0.33448
-0.13142,-0.33822
-0.13142,-0.34196
-0.13142,-0.3457
-0.12768,-0.34944
-0.12768,-0.35318
-0.12394,-0.35692
-0.12394,-0.36066
-0.1202,-0.3644
-0.1202,-0.36814
-0.1202,-0.37188
-0.11646,-0.37562
-0.11646,-0.37935
-0.11646,-0.38309
-0.11272,-0.38683
-0.11272,-0.39057
-0.11272,-0.39431
-0.10898,-0.39805
-0.10898,-0.40179
-0.10524,-0.40553
-0.10524,-0.40927
-0.1015,-0.41301
-0.1015,-0.41675
-0.097765,-0.42049
-0.097765,-0.42422
-0.094026,-0.42796
-0.094026,-0.4317
-0.090286,-0.43544
-0.090286,-0.43918
-0.086547,-0.44292
-0.086547,-0.44666
-0.082808,-0.4504
-0.079069,-0.45414
-0.079069,-0.45788
-0.07533,-0.46162
-0.07159,-0.46536
-0.067851,-0.4691
-0.064112,-0.47283
-0.060373,-0.47657
-0.056634,-0.48031
-0.052894,-0.48405
-0.049155,-0.48779
-0.045416,-0.49153
-0.041677,-0.49527
-0.037938,-0.49901
-0.034198,-0.50275
-0.034198,-0.50649
-0.030459,-0.51023
-0.02672,-0.51397
-0.022981,-0.5177
-0.022981,-0.52144
-0.019241,-0.52518
-0.019241,-0.52892
-0.015502,-0.53266
-0.011763,-0.5364
-0.011763,-0.54014
-0.011763,-0.54388
-0.011763,-0.54762
-0.011763,-0.55136
-0.011763,-0.5551
-0.011763,-0.55884
-0.011763,-0.56258
-0.0080238,-0.56631
-0.0080238,-0.57005
-0.0080238,-0.57379
-0.0080238,-0.57753
-0.0080238,-0.58127
-0.0080238,-0.58501
-0.0080238,-0.58875
-0.0080238,-0.59249
-0.0080238,-0.59623
-0.0080238,-0.59997
-0.0080238,-0.60371
-0.0080238,-0.60745
-0.0042846,-0.61119
-0.0042846,-0.61492
-0.0042846,-0.61866
-0.0042846,-0.6224
-0.0042846,-0.62614
-0.0042846,-0.62988
-0.0042846,-0.63362
-0.0042846,-0.63736
-0.0042846,-0.6411
-0.0042846,-0.64484
-0.00054543,-0.64858
-0.00054543,-0.65232
-0.00054543,-0.65606
-0.00054543,-0.65979
-0.00054543,-0.66353
-0.00054543,-0.66727
-0.00054543,-0.67101
-0.00054543,-0.67475
-0.00054543,-0.67849
-0.00054543,-0.68223
-0.00054543,-0.68597
-0.00054543,-0.68971
-0.00054543,-0.69345
-0.00054543,-0.69719
-0.00054543,-0.70093
0.0031938,-0.70467
0.0031938,-0.7084
0.0031938,-0.71214
0.0031938,-0.71588
0.006933,-0.71962
0.006933,-0.72336
0.006933,-0.7271
0.006933,-0.73084
0.006933,-0.73458
0.006933,-0.73832
0.006933,-0.74206
0.010672,-0.7458
0.010672,-0.74954
0.010672,-0.75327
0.010672,-0.75701
0.010672,-0.76075
0.010672,-0.76449
0.010672,-0.76823
0.010672,-0.77197
0.010672,-0.77571
0.014411,-0.77945
0.014411,-0.78319
0.014411,-0.78693
0.014411,-0.79067
0.014411,-0.79441
0.014411,-0.79815
0.018151,-0.80188
0.018151,-0.80562
0.018151,-0.80936
0.018151,-0.8131
0.018151,-0.81684
0.018151,-0.82058
0.02189,-0.82432
0.02189,-0.82806
0.02189,-0.8318
0.025629,-0.83554
0.025629,-0.83928
0.025629,-0.84302
0.025629,-0.84676
0.025629,-0.85049
0.025629,-0.85423
0.025629,-0.85797
0.025629,-0.86171
0.029368,-0.86545
0.029368,-0.86919
0.029368,-0.87293
0.029368,-0.87667
0.029368,-0.88041
0.029368,-0.88415
0.033107,-0.88789
0.033107,-0.89163
0.033107,-0.89536
0.033107,-0.8991
0.036847,-0.90284
0.036847,-0.90658
0.036847,-0.91032
0.036847,-0.91406
0.040586,-0.9178
0.040586,-0.92154
0.040586,-0.92528
0.040586,-0.92902
0.040586,-0.93276
0.044325,-0.9365
0.044325,-0.94024
0.044325,-0.94397
0.048064,-0.94771
0.048064,-0.95145
0.048064,-0.95519
0.048064,-0.95893
0.048064,-0.96267
0.051803,-0.96641
0.051803,-0.97015
0.051803,-0.97389
0.051803,-0.97763
0.051803,-0.98137
0.055543,-0.98511
0.055543,-0.98885
0.059282,-0.99258
0.059282,-0.99632
0.059282,-1.0001
0.059282,-1.0038
0.059282,-1.0075
0.059282,-1.0113
0.059282,-1.015
0.063021,-1.0188
0.063021,-1.0225
0.063021,-1.0262
0.063021,-1.03
0.06676,-1.0337
0.06676,-1.0375
0.06676,-1.0412
0.0705,-1.0449
0.0705,-1.0487
0.0705,-1.0524
0.0705,-1.0562
0.0705,-1.0599
0.074239,-1.0636
0.074239,-1.0674
0.074239,-1.0711
0.074239,-1.0748
0.074239,-1.0786
0.077978,-1.0823
0.077978,-1.0861
0.077978,-1.0898
0.077978,-1.0935
0.081717,-1.0973
0.081717,-1.101
0.081717,-1.1048
0.085456,-1.1085
0.085456,-1.1122
0.085456,-1.116
0.089196,-1.1197
0.089196,-1.1235
0.089196,-1.1272
0.089196,-1.1309
0.089196,-1.1347
0.092935,-1.1384
0.092935,-1.1422
0.096674,-1.1459
0.096674,-1.1496
0.096674,-1.1534
0.096674,-1.1571
0.096674,-1.1608
0.10041,-1.1646
0.10041,-1.1683
0.10041,-1.1721
0.10041,-1.1758
0.10415,-1.1795
0.10415,-1.1833
0.10415,-1.187
0.10789,-1.1908
0.10789,-1.1945
0.10789,-1.1982
0.10789,-1.202
0.11163,-1.2057
0.11163,-1.2095
0.11163,-1.2132
0.11163,-1.2169
0.11537,-1.2207
0.11537,-1.2244
0.11537,-1.2282
0.11911,-1.2319
0.11911,-1.2356
0.11911,-1.2394
0.11911,-1.2431
0.11911,-1.2469
0.12285,-1.2506
0.12285,-1.2543
0.12285,-1.2581
0.12659,-1.2618
0.12659,-1.2655
0.12659,-1.2693
0.12659,-1.273
0.12659,-1.2768
0.13033,-1.2805
0.13033,-1.2842
0.13033,-1.288
0.13033,-1.2917
0.13407,-1.2955
0.13407,-1.2992
0.13781,-1.3029
0.13781,-1.3067
0.13781,-1.3104
0.13781,-1.3142
0.13781,-1.3179
0.13781,-1.3216
0.14154,-1.3254
0.14154,-1.3291
0.14154,-1.3329
0.14154,-1.3366
0.14154,-1.3403
0.14528,-1.3441
0.14528,-1.3478
0.14528,-1.3515
0.14528,-1.3553
0.14902,-1.359
0.14902,-1.3628
0.14902,-1.3665
0.14902,-1.3702
0.15276,-1.374
0.15276,-1.3777
0.15276,-1.3815
0.15276,-1.3852
0.15276,-1.3889
0.1565,-1.3927
0.1565,-1.3964
0.1565,-1.4002
0.1565,-1.4039
0.1565,-1.4076
0.1565,-1.4114
0.1565,-1.4151
0.16024,-1.4189
0.16024,-1.4226
0.16024,-1.4263
0.16024,-1.4301
0.16398,-1.4338
0.16398,-1.4375
0.16398,-1.4413
0.16398,-1.445
0.16398,-1.4488
0.16772,-1.4525
0.16772,-1.4562
0.17146,-1.46
0.17146,-1.4637
0.17146,-1.4675
0.17146,-1.4712
0.17146,-1.4749
0.1752,-1.4787
0.1752,-1.4824
0.1752,-1.4862
0.1752,-1.4899
0.1752,-1.4936
0.1752,-1.4974
0.1752,-1.5011
0.17894,-1.5049
0.17894,-1.5086
0.17894,-1.5123
0.17894,-1.5161
0.17894,-1.5198
0.17894,-1.5236
0.17894,-1.5273
0.17894,-1.531
0.17894,-1.5348
0.17894,-1.5385
0.17894,-1.5422
0.17894,-1.546
0.17894,-1.5497
0.17894,-1.5535
0.17894,-1.5572
0.17894,-1.5609
0.17894,-1.5647
0.17894,-1.5684
0.17894,-1.5722
0.17894,-1.5759
0.17894,-1.5796
0.17894,-1.5834
0.17894,-1.5871
0.17894,-1.5909
0.1752,-1.5946
0.1752,-1.5983
0.1752,-1.6021
0.1752,-1.6058
0.1752,-1.6096
0.1752,-1.6133
0.1752,-1.617
0.17146,-1.6208
0.17146,-1.6245
0.1752,-1.6245
0.17894,-1.6245
0.18268,-1.6245
0.18641,-1.6245
0.19015,-1.6282
0.19389,-1.6282
0.19763,-1.6282
0.20137,-1.6282
0.20511,-1.6282
0.20885,-1.632
0.21259,-1.6357
0.21633,-1.6395
0.22007,-1.6432
0.22381,-1.6432
0.22755,-1.6469
0.23129,-1.6469
0.23129,-1.6432
0.23129,-1.6395
0.23129,-1.6357
0.23129,-1.632
0.23129,-1.6282
0.23129,-1.6245
0.23129,-1.6208
0.23129,-1.617
0.23129,-1.6133
0.23502,-1.6096
0.23502,-1.6058
0.23502,-1.6021
0.23502,-1.5983
0.23502,-1.5946
0.23502,-1.5909
0.23129,-1.5871
0.23129,-1.5834
0.23129,-1.5796
0.23129,-1.5759
0.23502,-1.5722
0.23129,-1.5684
0.23129,-1.5647
0.23129,-1.5609
0.23129,-1.5572
0.23129,-1.5535
0.23129,-1.5497
0.23129,-1.546
0.23129,-1.5422
0.23129,-1.5385
0.23129,-1.5348
0.23129,-1.531
0.22755,-1.5273
0.22755,-1.5236
0.22755,-1.5198
0.22755,-1.5161
0.22755,-1.5123
0.22755,-1.5086
0.22381,-1.5049
0.22381,-1.5011
0.22381,-1.4974
0.22381,-1.4936
0.22381,-1.4899
0.22381,-1.4862
0.22007,-1.4824
0.22007,-1.4787
0.22007,-1.4749
0.22007,-1.4712
0.21633,-1.4675
0.21633,-1.4637
0.21633,-1.46
0.21633,-1.4562
0.21259,-1.4525
0.21259,-1.4488
0.21259,-1.445
0.20885,-1.4413
0.20885,-1.4375
0.20885,-1.4338
0.20885,-1.4301
0.20885,-1.4263
0.20885,-1.4226
0.20511,-1.4189
0.20511,-1.4151
0.20511,-1.4114
0.20137,-1.4076
0.20137,-1.4039
0.20137,-1.4002
0.20137,-1.3964
0.19763,-1.3927
0.19763,-1.3889
0.19763,-1.3852
0.19763,-1.3815
0.19389,-1.3777
0.19389,-1.374
0.19015,-1.3702
0.19015,-1.3665
0.19015,-1.3628
0.19015,-1.359
0.18641,-1.3553
0.18641,-1.3515
0.18268,-1.3478
0.18268,-1.3441
0.18268,-1.3403
0.18268,-1.3366
0.17894,-1.3329
0.17894,-1.3291
0.17894,-1.3254
0.1752,-1.3216
0.1752,-1.3179
0.1752,-1.3142
0.17146,-1.3104
0.17146,-1.3067
0.17146,-1.3029
0.16772,-1.2992
0.16772,-1.2955
0.16772,-1.2917
0.16398,-1.288
0.16398,-1.2842
0.16398,-1.2805
0.16398,-1.2768
0.16024,-1.273
0.16024,-1.2693
0.16024,-1.2655
0.1565,-1.2618
0.1565,-1.2581
0.1565,-1.2543
0.15276,-1.2506
0.15276,-1.2469
0.15276,-1.2431
0.14902,-1.2394
0.14902,-1.2356
0.14902,-1.2319
0.14902,-1.2282
0.14902,-1.2244
0.14528,-1.2207
0.14528,-1.2169
0.14154,-1.2132
0.14154,-1.2095
0.14154,-1.2057
0.13781,-1.202
0.13781,-1.1982
0.13781,-1.1945
0.13781,-1.1908
0.13407,-1.187
0.13407,-1.1833
0.13407,-1.1795
0.13407,-1.1758
0.13033,-1.1721
0.13033,-1.1683
0.13033,-1.1646
0.12659,-1.1608
0.12659,-1.1571
0.12659,-1.1534
0.12659,-1.1496
0.12285,-1.1459
0.12285,-1.1422
0.12285,-1.1384
0.11911,-1.1347
0.11911,-1.1309
0.11911,-1.1272
0.11911,-1.1235
0.11911,-1.1197
0.11537,-1.116
0.11537,-1.1122
0.11537,-1.1085
0.11163,-1.1048
0.11163,-1.101
0.11163,-1.0973
0.10789,-1.0935
0.10789,-1.0898
0.10789,-1.0861
0.10789,-1.0823
0.10789,-1.0786
0.10415,-1.0748
0.10415,-1.0711
0.10415,-1.0674
0.10041,-1.0636
0.10041,-1.0599
0.10041,-1.0562
0.10041,-1.0524
0.096674,-1.0487
0.096674,-1.0449
0.096674,-1.0412
0.096674,-1.0375
0.092935,-1.0337
0.092935,-1.03
0.089196,-1.0262
0.089196,-1.0225
0.089196,-1.0188
0.089196,-1.015
0.089196,-1.0113
0.089196,-1.0075
0.085456,-1.0038
0.085456,-1.0001
0.085456,-0.99632
0.085456,-0.99258
0.081717,-0.98885
0.081717,-0.98511
0.081717,-0.98137
0.077978,-0.97763
0.077978,-0.97389
0.077978,-0.97015
0.077978,-0.96641
0.074239,-0.96267
0.074239,-0.95893
0.074239,-0.95519
0.074239,-0.95145
0.0705,-0.94771
0.0705,-0.94397
0.0705,-0.94024
0.0705,-0.9365
0.0705,-0.93276
0.06676,-0.92902
0.06676,-0.92528
0.06676,-0.92154
0.06676,-0.9178
0.063021,-0.91406
0.063021,-0.91032
0.063021,-0.90658
0.063021,-0.90284
0.063021,-0.8991
0.063021,-0.89536
0.059282,-0.89163
0.059282,-0.88789
0.059282,-0.88415
0.059282,-0.88041
0.055543,-0.87667
0.055543,-0.87293
0.055543,-0.86919
0.055543,-0.86545
0.051803,-0.86171
0.051803,-0.85797
0.051803,-0.85423
0.051803,-0.85049
0.051803,-0.84676
0.051803,-0.84302
0.051803,-0.83928
0.048064,-0.83554
0.048064,-0.8318
0.048064,-0.82806
0.048064,-0.82432
0.048064,-0.82058
0.048064,-0.81684
0.044325,-0.8131
0.044325,-0.80936
0.044325,-0.80562
0.044325,-0.80188
0.040586,-0.79815
0.040586,-0.79441
0.040586,-0.79067
0.040586,-0.78693
0.040586,-0.78319
0.036847,-0.77945
0.036847,-0.77571
0.036847,-0.77197
0.036847,-0.76823
0.036847,-0.76449
0.036847,-0.76075
0.036847,-0.75701
0.033107,-0.75327
0.033107,-0.74954
0.033107,-0.7458
0.033107,-0.74206
0.033107,-0.73832
0.033107,-0.73458
0.029368,-0.73084
0.029368,-0.7271
0.029368,-0.72336
0.029368,-0.71962
0.029368,-0.71588
0.029368,-0.71214
0.029368,-0.7084
0.029368,-0.70467
0.029368,-0.70093
0.029368,-0.69719
0.025629,-0.69345
0.025629,-0.68971
0.025629,-0.68597
0.02189,-0.68223
0.025629,-0.67849
0.025629,-0.67475
0.02189,-0.67101
0.02189,-0.66727
0.02189,-0.66353
0.02189,-0.65979
0.02189,-0.65606
0.02189,-0.65232
0.02189,-0.64858
0.02189,-0.64484
0.02189,-0.6411
0.02189,-0.63736
0.02189,-0.63362
0.018151,-0.62988
0.018151,-0.62614
0.018151,-0.6224
0.018151,-0.61866
0.018151,-0.61492
0.018151,-0.61119
0.018151,-0.60745
0.018151,-0.60371
0.018151,-0.59997
0.018151,-0.59623
0.018151,-0.59249
0.014411,-0.58875
0.014411,-0.58501
0.014411,-0.58127
0.014411,-0.57753
0.014411,-0.57379
0.014411,-0.57005
0.014411,-0.56631
0.014411,-0.56258
0.014411,-0.55884
0.014411,-0.5551
0.014411,-0.55136
0.014411,-0.54762
0.010672,-0.54388
0.010672,-0.54014
0.010672,-0.5364
0.010672,-0.53266
0.010672,-0.52892
0.010672,-0.52518
0.010672,-0.52144
0.010672,-0.5177
0.010672,-0.51397
0.010672,-0.51023
0.010672,-0.50649
0.010672,-0.50275
0.010672,-0.49901
0.014411,-0.49527
0.014411,-0.49153
0.018151,-0.48779
0.018151,-0.48405
0.02189,-0.48031
0.025629,-0.47657
0.029368,-0.47283
0.033107,-0.4691
0.036847,-0.46536
0.040586,-0.46162
0.044325,-0.46162
0.048064,-0.45788
0.051803,-0.45414
0.055543,-0.4504
0.059282,-0.44666
0.063021,-0.44666
0.06676,-0.44292
0.0705,-0.43918
0.074239,-0.43544
0.077978,-0.4317
0.081717,-0.4317
0.085456,-0.42796
0.089196,-0.42422
0.092935,-0.42049
0.096674,-0.41675
0.096674,-0.41301
0.10041,-0.40927
0.10415,-0.40553
0.10789,-0.40179
0.10789,-0.39805
0.11163,-0.39431
0.11537,-0.39057
0.11911,-0.38683
0.12285,-0.38683
0.12659,-0.38683
0.13033,-0.38309
0.13407,-0.37935
0.13781,-0.37562
0.14154,-0.37188
0.14528,-0.36814
0.14902,-0.3644
0.15276,-0.36066
0.1565,-0.35692
0.1565,-0.35318
0.16024,-0.34944
0.16024,-0.3457
0.16398,-0.34196
0.16398,-0.33822
0.16772,-0.33448
0.17146,-0.33074
0.1752,-0.32701
0.17894,-0.32327
0.18268,-0.31953
0.18641,-0.31579
0.19015,-0.31205
0.19015,-0.30831
0.19389,-0.30457
0.19763,-0.30457
0.19763,-0.30083
0.20137,-0.29709
0.20511,-0.29335
0.20511,-0.28961
0.20885,-0.28587
0.21259,-0.28213
0.21259,-0.2784
0.21259,-0.27466
0.21259,-0.27092
0.21259,-0.26718
0.21633,-0.26344
0.22007,-0.2597
0.22007,-0.25596
0.22381,-0.25222
0.22755,-0.24848
0.22755,-0.24474
0.23129,-0.241
0.23129,-0.23726
0.23129,-0.23353
0.23502,-0.22979
0.23876,-0.22605
0.23876,-0.22231
0.23876,-0.21857
0.2425,-0.21483
0.2425,-0.21109
0.24624,-0.20735
0.24998,-0.20361
0.25372,-0.19987
0.25372,-0.19613
0.25746,-0.19239
0.25746,-0.18865
0.2612,-0.18492
0.2612,-0.18118
0.2612,-0.17744
0.2612,-0.1737
0.2612,-0.16996
0.2612,-0.16622
0.26494,-0.16248
0.26494,-0.15874
0.26868,-0.155
0.26868,-0.15126
0.27242,-0.14752
0.27242,-0.14378
0.27616,-0.14005
0.27616,-0.13631
0.27616,-0.13257
0.27616,-0.12883
0.27616,-0.12509
0.2799,-0.12135
0.28363,-0.11761
0.28363,-0.11387
0.28737,-0.11013
0.28737,-0.10639
0.29111,-0.10265
0.29111,-0.098914
0.29485,-0.095175
0.29859,-0.091435
0.29859,-0.087696
0.30233,-0.083957
0.30607,-0.080218
0.30607,-0.076479
0.30607,-0.072739
0.30981,-0.069
0.30981,-0.065261
0.30981,-0.061522
0.30981,-0.057782
0.30981,-0.054043
0.30607,-0.050304
0.30607,-0.046565
0.30607,-0.042826
0.30607,-0.039086
0.30607,-0.035347
0.30981,-0.031608
0.30981,-0.027869
0.31355,-0.02413
0.31355,-0.02039
0.31729,-0.016651
0.31729,-0.012912
0.32103,-0.0091728
0.32477,-0.0054336
0.32477,-0.0016944
0.3285,0.0020448
0.3285,0.0057841
0.3285,0.0095233
0.3285,0.013262
0.3285,0.017002
0.33224,0.020741
0.33224,0.02448
0.33598,0.028219
0.33972,0.031959
0.33972,0.035698
0.34346,0.039437
0.3472,0.043176
0.3472,0.046915
0.35094,0.050655
0.35094,0.054394
0.35468,0.058133
0.35468,0.061872
0.35842,0.065611
0.35842,0.069351
0.35842,0.07309
0.35842,0.076829
0.35842,0.080568
0.35842,0.084307
0.35842,0.088047
0.36216,0.091786
0.36216,0.095525
0.3659,0.099264
0.36964,0.103
0.36964,0.10674
0.36964,0.11048
0.37338,0.11422
0.37338,0.11796
0.37338,0.1217
0.37711,0.12544
0.37711,0.12918
0.37711,0.13292
0.37711,0.13666
0.37711,0.1404
0.37711,0.14413
0.37711,0.14787
0.38085,0.15161
0.38085,0.15535
0.38085,0.15909
0.38085,0.16283
0.38459,0.16657
0.38459,0.17031
0.38833,0.17405
0.38833,0.17779
0.38833,0.18153
0.38833,0.18527
0.39207,0.18901
0.39207,0.19274
0.39207,0.19648
0.38833,0.20022
0.38833,0.20396
0.38833,0.2077
0.38833,0.21144
0.39207,0.21518
0.39207,0.21892
0.39581,0.22266
0.39581,0.2264
0.39955,0.23014
0.40329,0.23388
0.40329,0.23761
0.40703,0.24135
0.40703,0.24509
0.40703,0.24883
0.40703,0.25257
0.40703,0.25631
0.40703,0.26005
0.41077,0.26379
0.41077,0.26753
0.41077,0.27127
0.41451,0.27501
0.41451,0.27875
0.41451,0.28249
0.41451,0.28622
0.41451,0.28996
0.41451,0.2937
0.41451,0.29744
0.41825,0.30118
0.41825,0.30492
0.41825,0.30866
0.41825,0.3124
0.41825,0.31614
0.41825,0.31988
0.42198,0.32362
0.42572,0.32736
0.42572,0.3311
0.42946,0.33483
0.42946,0.33857
0.4332,0.34231
0.4332,0.34605
0.4332,0.34979
0.4332,0.35353
0.4332,0.35727
0.4332,0.36101
0.4332,0.36475
0.4332,0.36849
0.43694,0.37223
0.43694,0.37597
0.44068,0.3797
0.44068,0.38344
0.44068,0.38718
0.44068,0.39092
0.44068,0.39466
0.44068,0.3984
0.44068,0.40214
0.44442,0.40588
0.44442,0.40962
0.44442,0.41336
0.44442,0.4171
0.44442,0.42084
0.44816,0.42458
0.44816,0.42831
0.44816,0.43205
0.4519,0.43579
0.4519,0.43953
0.45564,0.44327
0.45564,0.44701
0.4519,0.45075
0.4519,0.45449
0.4519,0.45823
0.4519,0.46197
0.4519,0.46571
0.45564,0.46945
0.45564,0.47318
0.45564,0.47692
0.45564,0.48066
0.45564,0.4844
0.45564,0.48814
0.45564,0.49188
0.45564,0.49562
0.45938,0.49936
0.45938,0.5031
0.45938,0.50684
0.45938,0.51058
0.45938,0.51432
0.45938,0.51806
0.45938,0.52179
0.45938,0.52553
0.45938,0.52927
0.45938,0.53301
0.45564,0.53675
0.45564,0.54049
0.45564,0.54423
0.45564,0.54797
0.45938,0.55171
0.45564,0.55545
0.45938,0.55919
0.45938,0.56293
0.45938,0.56667
0.45938,0.5704
0.45938,0.57414
0.45938,0.57788
0.45938,0.58162
0.45938,0.58536
0.45938,0.5891
0.45938,0.59284
0.45938,0.59658
0.45938,0.60032
0.45938,0.60406
0.45938,0.6078
0.45938,0.61154
0.45938,0.61527
0.45564,0.61901
0.45564,0.62275
0.45564,0.62649
0.45564,0.63023
0.45564,0.63397
0.45564,0.63771
0.45564,0.64145
0.45564,0.64519
0.45564,0.64893
0.45564,0.65267
0.45564,0.65641
0.4519,0.66015
0.4519,0.66388
0.4519,0.66762
0.4519,0.67136
0.4519,0.6751
0.4519,0.67884
0.4519,0.68258
0.4519,0.68632
0.4519,0.69006
0.4519,0.6938
0.4519,0.69754
0.4519,0.70128
0.4519,0.70502
0.44816,0.70875
0.44816,0.71249
0.44442,0.71623
0.44068,0.71997
0.43694,0.72371
0.43694,0.72745
0.43694,0.73119
0.43694,0.73493
0.43694,0.73867
0.43694,0.74241
0.43694,0.74615
0.43694,0.74989
0.43694,0.75363
0.43694,0.75736
0.43694,0.7611
0.43694,0.76484
0.4332,0.76858
0.4332,0.77232
0.4332,0.77606
0.42946,0.7798
0.42946,0.78354
0.42572,0.78728
0.42572,0.79102
0.42572,0.79476
0.42572,0.7985
0.42572,0.80224
0.42572,0.80597
0.42572,0.80971
0.42198,0.81345
0.42198,0.81719
0.41825,0.82093
0.41825,0.82467
0.41825,0.82841
0.41825,0.83215
0.41451,0.83589
0.41451,0.83963
0.41077,0.84337
0.40703,0.84711
0.40703,0.85084
0.40703,0.85458
0.40703,0.85832
0.40329,0.86206
0.40329,0.8658
0.40329,0.86954
0.39955,0.87328
0.39955,0.87702
0.39581,0.87702
0.39207,0.88076
0.39207,0.8845
0.38833,0.88824
0.38833,0.89198
0.38833,0.89572
0.38833,0.89945
0.38833,0.90319
0.38833,0.90693
0.38833,0.91067
0.38833,0.91441
0.38833,0.91815
0.38833,0.92189
0.38833,0.92563
0.38833,0.92937
0.38459,0.93311
0.38459,0.93685
0.38459,0.94059
0.38085,0.94433
0.38085,0.94806
0.37711,0.9518
0.37711,0.95554
0.37338,0.95928
0.36964,0.96302
0.36964,0.96676
0.36964,0.9705
0.36964,0.97424
0.3659,0.97798
0.3659,0.98172
0.3659,0.98546
0.36216,0.9892
0.36216,0.99293
0.35842,0.99667
0.35842,1.0004
0.35468,1.0042
0.35094,1.0042
0.3472,1.0079
0.3472,1.0116
0.34346,1.0154
0.33972,1.0191
0.33972,1.0228
0.33972,1.0266
0.33598,1.0303
0.33598,1.0341
0.33598,1.0378
0.33598,1.0415
0.33598,1.0453
0.33598,1.049
0.33224,1.0528
0.3285,1.0565
0.32477,1.0602
0.32103,1.064
0.31729,1.0677
0.31729,1.0715
0.31729,1.0752
0.31729,1.0789
0.31729,1.0827
0.31729,1.0864
0.31355,1.0902
0.31355,1.0939
0.30981,1.0939
0.30607,1.0976
0.30607,1.1014
0.30233,1.1051
0.29859,1.1089
0.29859,1.1126
0.29859,1.1163
0.29859,1.1201
0.29485,1.1238
0.29485,1.1275
0.29111,1.1313
0.29111,1.135
0.28737,1.1388
0.28737,1.1425
0.28363,1.1462
0.28363,1.15
0.2799,1.1537
0.2799,1.1575
0.27616,1.1612
0.27616,1.1649
0.27242,1.1687
0.27242,1.1724
0.26868,1.1762
0.26494,1.1799
0.2612,1.1836
0.2612,1.1874
0.25746,1.1911
0.25746,1.1949
0.25372,1.1986
0.24998,1.2023
0.24624,1.2061
0.2425,1.2098
0.23876,1.2135
0.23502,1.2173
0.23129,1.221
0.22755,1.2248
0.22381,1.2285
0.22381,1.2322
0.22007,1.236
0.21633,1.2397
0.21633,1.2435
0.21259,1.2435
0.20885,1.2472
0.20511,1.2472
0.20137,1.2509
0.19763,1.2547
0.19763,1.2584
0.19763,1.2622
0.19389,1.2659
0.19389,1.2696
0.19389,1.2734
0.19015,1.2771
0.19015,1.2809
0.19015,1.2846
0.18641,1.2883
0.18268,1.2921
0.17894,1.2958
0.1752,1.2958
0.17146,1.2995
0.17146,1.3033
0.16772,1.307
0.16398,1.3108
0.16024,1.3145
0.16024,1.3182
0.1565,1.322
0.1565,1.3257
0.15276,1.3295
0.14902,1.3332
0.14902,1.3369
0.14528,1.3407
0.14154,1.3407
0.13781,1.3444
0.13407,1.3482
0.13033,1.3519
0.12659,1.3556
0.12659,1.3594
0.12285,1.3631
0.11911,1.3669
0.11537,1.3706
0.11163,1.3706
0.10789,1.3743
0.10415,1.3743
0.10041,1.3781
0.096674,1.3818
0.092935,1.3818
0.089196,1.3818
0.085456,1.3818
0.081717,1.3856
0.077978,1.3856
0.074239,1.3893
0.0705,1.393
0.0705,1.3968
0.06676,1.3968
0.063021,1.4005
0.059282,1.4005
0.055543,1.4005
0.051803,1.4042
0.048064,1.408
0.044325,1.4117
0.040586,1.4155
0.036847,1.4192
0.036847,1.4229
0.033107,1.4267
0.029368,1.4304
0.025629,1.4342
0.02189,1.4379
0.018151,1.4416
0.018151,1.4454
0.014411,1.4454
0.010672,1.4491
0.006933,1.4529
0.0031938,1.4566
-0.00054543,1.4603
-0.0042846,1.4603
-0.0080238,1.4641
-0.011763,1.4641
-0.015502,1.4678
-0.019241,1.4678
-0.022981,1.4716
-0.02672,1.4716
-0.030459,1.4753
-0.034198,1.479
-0.037938,1.479
-0.041677,1.4828
-0.045416,1.4828
-0.049155,1.4828
-0.052894,1.4828
-0.056634,1.4828
-0.060373,1.4865
-0.064112,1.4865
-0.067851,1.4865
-0.07159,1.4865
-0.07533,1.4865
-0.079069,1.4865
-0.082808,1.4902
-0.086547,1.4902
-0.090286,1.4902
-0.094026,1.4902
-0.097765,1.494
-0.1015,1.494
-0.10524,1.494
-0.10898,1.4977
-0.11272,1.4977
-0.11646,1.4977
-0.1202,1.5015
-0.12394,1.5015
-0.12768,1.5052
-0.13142,1.5089
-0.13516,1.5089
-0.1389,1.5127
-0.14264,1.5127
-0.14637,1.5127
-0.15011,1.5164
-0.15385,1.5164
-0.15759,1.5164
-0.16133,1.5164
-0.16507,1.5202
-0.16881,1.5202
-0.17255,1.5202
-0.17629,1.5202
-0.18003,1.5239
-0.18377,1.5239
-0.18751,1.5276
-0.19124,1.5276
-0.19498,1.5314
-0.19872,1.5351
-0.20246,1.5351
-0.2062,1.5389
-0.20994,1.5389
-0.21368,1.5426
-0.21742,1.5426
-0.22116,1.5426
-0.2249,1.5426
-0.22864,1.5426
-0.23238,1.5426
-0.23612,1.5426
-0.23985,1.5426
-0.24359,1.5426
-0.24733,1.5426
-0.25107,1.5426
-0.25481,1.5426
-0.25855,1.5463
-0.26229,1.5463
-0.26603,1.5463
-0.26977,1.5463
-0.27351,1.5463
-0.27725,1.5463
-0.27725,1.5426
-0.27725,1.5389
-0.27725,1.5351
-0.27725,1.5314
-0.27725,1.5276
-0.27351,1.5239
-0.27351,1.5202
-0.27351,1.5164
-0.27351,1.5127
-0.27351,1.5089
-0.27725,1.5052
-0.27725,1.5015
-0.27725,1.4977
-0.27725,1.494
-0.27725,1.4902
-0.27725,1.4865
-0.28099,1.4828
-0.28099,1.479
-0.28099,1.4753
-0.28473,1.4716
-0.28473,1.4678
-0.28846,1.4641
-0.28846,1.4603
-0.28846,1.4566
-0.28846,1.4529
-0.2922,1.4491
-0.2922,1.4454
-0.29594,1.4416
-0.29594,1.4379
-0.29594,1.4342
-0.29968,1.4304
-0.29968,1.4267
-0.30342,1.4229
-0.30716,1.4192
-0.3109,1.4155
-0.3109,1.4117
-0.31464,1.408
-0.31838,1.4042
-0.32212,1.4005
-0.32212,1.3968
-0.32586,1.393
-0.3296,1.3893
-0.33333,1.3856
-0.33707,1.3818
-0.33707,1.3781
-0.34081,1.3743
-0.34081,1.3706
-0.34455,1.3669
-0.34829,1.3631
-0.35203,1.3594
-0.35577,1.3556
-0.35951,1.3556
-0.36325,1.3519
-0.36699,1.3519
-0.37073,1.3519
-0.37447,1.3482
-0.37447,1.3444
-0.37821,1.3407
-0.37821,1.3369
-0.38194,1.3332
-0.38568,1.3295
-0.38942,1.3257
-0.39316,1.322
-0.39316,1.3182
-0.3969,1.3145
-0.3969,1.3108
-0.40064,1.307
-0.40064,1.3033
-0.40064,1.2995
-0.40438,1.2958
-0.40812,1.2921
-0.40812,1.2883
-0.41186,1.2846
-0.41186,1.2809
-0.4156,1.2771
-0.4156,1.2734
-0.4156,1.2696
-0.4156,1.2659
-0.41934,1.2622
-0.41934,1.2584
-0.42308,1.2547
-0.42308,1.2509
-0.42682,1.2472
-0.42682,1.2435
-0.43055,1.2397
-0.43429,1.236
-0.43803,1.2322
-0.44177,1.2285
-0.44177,1.2248
-0.44551,1.221
-0.44551,1.2173
-0.44551,1.2135
-0.44551,1.2098
-0.44551,1.2061
-0.44925,1.2023
-0.44925,1.1986
-0.44925,1.1949
-0.44925,1.1911
-0.45299,1.1874
-0.45673,1.1836
-0.46047,1.1799
-0.46047,1.1762
-0.46421,1.1724
-0.46421,1.1687
-0.46421,1.1649
-0.46421,1.1612
-0.46421,1.1575
-0.46795,1.1537
-0.47169,1.15
-0.47169,1.1462
-0.47169,1.1425
-0.47169,1.1388
-0.47169,1.135
-0.47169,1.1313
-0.47169,1.1275
-0.47169,1.1238
-0.47169,1.1201
-0.47169,1.1163
-0.47542,1.1126
-0.47542,1.1089
-0.47542,1.1051
-0.47916,1.1014
-0.4829,1.0976
-0.4829,1.0939
-0.4829,1.0902
-0.4829,1.0864
-0.4829,1.0827
-0.4829,1.0789
-0.47916,1.0752
-0.47916,1.0715
-0.47916,1.0677
-0.47916,1.064
-0.4829,1.0602
-0.4829,1.0565
-0.4829,1.0528
-0.4829,1.049
-0.4829,1.0453
-0.4829,1.0415
-0.4829,1.0378
-0.4829,1.0341
-0.4829,1.0303
-0.4829,1.0266
-0.47916,1.0228
-0.47916,1.0191
-0.47916,1.0154
-0.47916,1.0116
-0.47916,1.0079
-0.47916,1.0042
-0.47916,1.0004
-0.47916,0.99667
-0.4829,0.99293
-0.48664,0.9892
-0.49038,0.98546
-0.49038,0.98172
-0.48664,0.97798
-0.48664,0.97424
-0.4829,0.9705
-0.4829,0.96676
-0.4829,0.96302
-0.4829,0.95928
-0.47916,0.95554
-0.47916,0.9518
-0.47916,0.94806
-0.47916,0.94433
-0.47916,0.94059
-0.47916,0.93685
-0.47916,0.93311
-0.47916,0.92937
-0.47916,0.92563
-0.47916,0.92189
-0.47916,0.91815
-0.47916,0.91441
-0.47916,0.91067
-0.47542,0.90693
-0.47542,0.90319
-0.47542,0.89945
-0.47542,0.89572
-0.47916,0.89198
-0.47916,0.88824
-0.47916,0.8845
-0.47916,0.88076
-0.47916,0.87702
-0.47916,0.87328
-0.47916,0.86954
-0.4829,0.8658
-0.4829,0.86206
-0.4829,0.85832
-0.4829,0.85458
-0.4829,0.85084
-0.4829,0.84711
-0.47916,0.84337
-0.47916,0.83963
-0.47916,0.83589
-0.47916,0.83215
-0.47916,0.82841
-0.47542,0.82467
-0.47542,0.82093
-0.47169,0.81719
-0.47169,0.81345
-0.47169,0.80971
-0.47169,0.80597
-0.47169,0.80224
-0.47169,0.7985
-0.47169,0.79476
-0.47169,0.79102
-0.47169,0.78728
-0.47169,0.78354
-0.47169,0.7798
-0.47169,0.77606
-0.47169,0.77232
-0.47542,0.76858
-0.47542,0.76484
-0.47169,0.7611
-0.47169,0.75736
-0.47169,0.75363
-0.47169,0.74989
-0.47169,0.74615
-0.47542,0.74241
-0.47916,0.74241
-0.47916,0.73867
-0.4829,0.73493
-0.47916,0.73119
-0.47916,0.72745
-0.47916,0.72371
-0.47916,0.71997
-0.47916,0.71623
-0.47916,0.71249
-0.47916,0.70875
-0.4829,0.70502
-0.4829,0.70128
-0.4829,0.69754
-0.4829,0.6938
-0.48664,0.69006
-0.48664,0.68632
-0.49038,0.68258
-0.49412,0.67884
-0.49786,0.6751
-0.49786,0.67136
-0.49786,0.66762
-0.49786,0.66388
-0.49786,0.66015
-0.49786,0.65641
-0.5016,0.65267
-0.50534,0.64893
-0.50534,0.64519
-0.50534,0.64145
-0.50534,0.63771
-0.50534,0.63397
-0.50534,0.63023
-0.50534,0.62649
-0.50908,0.62275
-0.51282,0.62275
-0.51656,0.61901
-0.51656,0.61527
-0.51656,0.61154
-0.51656,0.6078
-0.51282,0.60406
-0.51282,0.60032
-0.51282,0.59658
-0.51282,0.59284
-0.51282,0.5891
-0.51282,0.58536
-0.51282,0.58162
-0.51282,0.57788
-0.51282,0.57414
-0.51282,0.5704
-0.51656,0.56667
-0.51656,0.56293
-0.51656,0.55919
-0.51656,0.55545
-0.51656,0.55171
-0.51656,0.54797
-0.51282,0.54423
-0.51282,0.54049
-0.51282,0.53675
-0.51282,0.53301
-0.51282,0.52927
-0.51282,0.52553
-0.51282,0.52179
-0.51282,0.51806
-0.51282,0.51432
-0.51282,0.51058
-0.51656,0.50684
-0.5203,0.50684
