-0.84502,0.57919
-0.84146,0.57919
-0.8379,0.57919
-0.83433,0.57563
-0.83433,0.57207
-0.83433,0.56851
-0.83433,0.56495
-0.8379,0.56139
-0.84146,0.55783
-0.84502,0.55783
-0.84502,0.55427
-0.84146,0.55427
-0.8379,0.55783
-0.8379,0.56139
-0.83433,0.56495
-0.83077,0.56851
-0.82721,0.57207
-0.82721,0.57563
-0.82721,0.57919
-0.82721,0.58275
-0.82721,0.58631
-0.82721,0.58987
-0.82365,0.59343
-0.82009,0.59699
-0.81653,0.60055
-0.81297,0.60411
-0.80941,0.60767
-0.80585,0.60767
-0.80229,0.60767
-0.79873,0.60767
-0.79517,0.60411
-0.79161,0.60055
-0.79161,0.59699
-0.79161,0.59343
-0.79161,0.58987
-0.79161,0.58631
-0.79517,0.58275
-0.79517,0.57919
-0.79161,0.57563
-0.79161,0.57207
-0.79517,0.56851
-0.79873,0.56495
-0.79873,0.56139
-0.80229,0.55783
-0.79873,0.55427
-0.79517,0.55071
-0.79873,0.54715
-0.79873,0.54359
-0.79873,0.54003
-0.80229,0.53647
-0.80585,0.53291
-0.80941,0.53291
-0.81297,0.53647
-0.81297,0.54003
-0.81297,0.53647
-0.81297,0.53291
-0.80941,0.52935
-0.81297,0.52579
-0.80941,0.52935
-0.80585,0.52935
-0.80229,0.52579
-0.80229,0.52223
-0.80229,0.51867
-0.80585,0.51511
-0.80585,0.51155
-0.80585,0.50799
-0.80585,0.50443
-0.80585,0.50087
-0.80585,0.49731
-0.80229,0.49375
-0.80229,0.49018
-0.80229,0.48662
-0.80585,0.48306
-0.80585,0.4795
-0.80585,0.47594
-0.80585,0.47238
-0.80585,0.47594
-0.80585,0.4795
-0.80585,0.48306
-0.80229,0.48662
-0.79873,0.48306
-0.79873,0.4795
-0.79873,0.47594
-0.79517,0.47238
-0.79517,0.46882
-0.79517,0.46526
-0.79517,0.4617
-0.79517,0.45814
-0.79873,0.45458
-0.80229,0.45814
-0.80229,0.4617
-0.80229,0.46526
-0.80229,0.4617
-0.80229,0.45814
-0.80229,0.45458
-0.79873,0.45102
-0.79873,0.44746
-0.79517,0.45102
-0.79517,0.45458
-0.79161,0.45814
-0.78805,0.45458
-0.78805,0.45102
-0.78805,0.44746
-0.78805,0.4439
-0.78449,0.44034
-0.78449,0.43678
-0.78449,0.43322
-0.78805,0.42966
-0.79161,0.4261
-0.79517,0.42254
-0.79873,0.41898
-0.79517,0.41898
-0.79161,0.42254
-0.78805,0.4261
-0.78449,0.4261
-0.78093,0.42254
-0.78093,0.41898
-0.78093,0.41542
-0.78093,0.41186
-0.77737,0.4083
-0.77737,0.40474
-0.77737,0.40118
-0.77737,0.39762
-0.77737,0.39406
-0.77737,0.3905
-0.77381,0.38694
-0.77381,0.38338
-0.77737,0.37982
-0.78093,0.37982
-0.78093,0.37626
-0.77737,0.37626
-0.77381,0.3727
-0.77025,0.36914
-0.77025,0.36557
-0.77025,0.36201
-0.77025,0.35845
-0.76669,0.35489
-0.76313,0.35133
-0.76313,0.34777
-0.75957,0.34421
-0.75601,0.34421
-0.75245,0.34065
-0.75245,0.33709
-0.74889,0.33709
-0.74533,0.33353
-0.74177,0.32997
-0.73821,0.32641
-0.74177,0.32285
-0.74177,0.31929
-0.73821,0.31573
-0.73465,0.31217
-0.73109,0.31573
-0.72753,0.31573
-0.72397,0.31217
-0.72041,0.30861
-0.72041,0.30505
-0.71685,0.30505
-0.71329,0.30149
-0.71329,0.29793
-0.70973,0.29437
-0.70973,0.29081
-0.70616,0.28725
-0.7026,0.28369
-0.7026,0.28013
-0.69904,0.28013
-0.69548,0.27657
-0.69548,0.27301
-0.69192,0.26945
-0.68836,0.26589
-0.6848,0.26233
-0.68124,0.25877
-0.68124,0.25521
-0.67768,0.25165
-0.67768,0.24809
-0.68124,0.24453
-0.68124,0.24097
-0.67768,0.24097
-0.67412,0.2374
-0.67768,0.23384
-0.68124,0.23384
-0.6848,0.23384
-0.6848,0.23028
-0.68124,0.23028
-0.67768,0.23028
-0.67412,0.22672
-0.67412,0.22316
-0.67412,0.2196
-0.67056,0.21604
-0.67056,0.21248
-0.67412,0.20892
-0.67056,0.21248
-0.667,0.20892
-0.667,0.20536
-0.67056,0.2018
-0.67056,0.19824
-0.67056,0.19468
-0.67056,0.19112
-0.67056,0.18756
-0.67056,0.184
-0.67056,0.18044
-0.67056,0.17688
-0.667,0.17332
-0.66344,0.16976
-0.65988,0.16976
-0.65632,0.16976
-0.65632,0.17332
-0.65988,0.17688
-0.65988,0.18044
-0.65632,0.184
-0.65276,0.184
-0.6492,0.18044
-0.6492,0.17688
-0.6492,0.17332
-0.64564,0.16976
-0.64208,0.16976
-0.63852,0.1662
-0.63496,0.16264
-0.63852,0.15908
-0.64208,0.15908
-0.64564,0.15908
-0.64208,0.15908
-0.63852,0.15552
-0.64208,0.15196
-0.64208,0.1484
-0.64564,0.14484
-0.6492,0.1484
-0.6492,0.15196
-0.65276,0.15552
-0.65276,0.15908
-0.65276,0.15552
-0.65632,0.15196
-0.65988,0.15196
-0.66344,0.15552
-0.667,0.15552
-0.66344,0.15196
-0.65988,0.15196
-0.65632,0.15196
-0.65276,0.15196
-0.6492,0.1484
-0.64564,0.14484
-0.64564,0.14128
-0.64564,0.13772
-0.64208,0.13416
-0.63852,0.1306
-0.63852,0.12704
-0.63496,0.12348
-0.63496,0.11992
-0.63496,0.11636
-0.6314,0.11636
-0.62784,0.11279
-0.62784,0.10923
-0.62784,0.10567
-0.62784,0.10211
-0.6314,0.098554
-0.63496,0.098554
-0.63852,0.10211
-0.64208,0.10567
-0.64208,0.10211
-0.64564,0.098554
-0.64564,0.094994
-0.64208,0.094994
-0.63852,0.094994
-0.63496,0.094994
-0.6314,0.098554
-0.62784,0.094994
-0.62428,0.094994
-0.62428,0.098554
-0.62072,0.10211
-0.61716,0.098554
-0.61716,0.094994
-0.61716,0.091433
-0.61716,0.087873
-0.62072,0.084313
-0.62428,0.080752
-0.62784,0.080752
-0.62428,0.077192
-0.62428,0.073632
-0.62428,0.070072
-0.62428,0.066511
-0.62428,0.062951
-0.62072,0.059391
-0.61716,0.05583
-0.61716,0.05227
-0.61716,0.04871
-0.61716,0.04515
-0.61716,0.041589
-0.62072,0.038029
-0.62428,0.038029
-0.62072,0.038029
-0.61716,0.041589
-0.6136,0.038029
-0.6136,0.034469
-0.61004,0.030908
-0.60648,0.027348
-0.61004,0.023788
-0.61004,0.020228
-0.60648,0.016667
-0.60292,0.013107
-0.59936,0.0095468
-0.5958,0.0059865
-0.59224,0.0024262
-0.59224,-0.001134
-0.58868,-0.0046943
-0.58868,-0.0082546
-0.59224,-0.011815
-0.5958,-0.015375
-0.59936,-0.015375
-0.60292,-0.015375
-0.60648,-0.011815
-0.61004,-0.0082546
-0.6136,-0.011815
-0.61716,-0.0082546
-0.62072,-0.011815
-0.62428,-0.0082546
-0.62428,-0.0046943
-0.62428,-0.001134
-0.62072,0.0024262
-0.62428,0.0024262
-0.62784,0.0059865
-0.62784,0.0095468
-0.6314,0.013107
-0.63496,0.016667
-0.63852,0.016667
-0.63852,0.013107
-0.63852,0.0095468
-0.63852,0.0059865
-0.63496,0.0024262
-0.6314,-0.001134
-0.6314,-0.0046943
-0.63496,-0.0082546
-0.63496,-0.011815
-0.63496,-0.015375
-0.63496,-0.018935
-0.63852,-0.022496
-0.63852,-0.026056
-0.63496,-0.029616
-0.63852,-0.033177
-0.63852,-0.036737
-0.63496,-0.040297
-0.6314,-0.040297
-0.62784,-0.040297
-0.62428,-0.040297
-0.62428,-0.036737
-0.62072,-0.033177
-0.61716,-0.029616
-0.6136,-0.029616
-0.61004,-0.029616
-0.60648,-0.033177
-0.60292,-0.036737
-0.60292,-0.040297
-0.60648,-0.043857
-0.61004,-0.047418
-0.6136,-0.047418
-0.61716,-0.043857
-0.6136,-0.047418
-0.61004,-0.050978
-0.60648,-0.054538
-0.60292,-0.058099
-0.60292,-0.061659
-0.60292,-0.065219
-0.59936,-0.065219
-0.5958,-0.065219
-0.59224,-0.061659
-0.58868,-0.065219
-0.58868,-0.061659
-0.58868,-0.058099
-0.59224,-0.054538
-0.59224,-0.050978
-0.58868,-0.047418
-0.58512,-0.047418
-0.58155,-0.050978
-0.57799,-0.054538
-0.57799,-0.058099
-0.57443,-0.061659
-0.57443,-0.065219
-0.57799,-0.068779
-0.58155,-0.07234
-0.58155,-0.0759
-0.58155,-0.07946
-0.58155,-0.083021
-0.58155,-0.086581
-0.58512,-0.090141
-0.58868,-0.090141
-0.59224,-0.093701
-0.5958,-0.093701
-0.59936,-0.097262
-0.60292,-0.097262
-0.60648,-0.10082
-0.61004,-0.10082
-0.6136,-0.10082
-0.61716,-0.10082
-0.61716,-0.10438
-0.61716,-0.10794
-0.61716,-0.10438
-0.6136,-0.10082
-0.61004,-0.10082
-0.60648,-0.10082
-0.60292,-0.10438
-0.60292,-0.10794
-0.60648,-0.1115
-0.60292,-0.11506
-0.59936,-0.11506
-0.5958,-0.11862
-0.5958,-0.12218
-0.5958,-0.12574
-0.59224,-0.12218
-0.59224,-0.11862
-0.5958,-0.11862
-0.59936,-0.11506
-0.59936,-0.1115
-0.60292,-0.10794
-0.60292,-0.10438
-0.59936,-0.10082
-0.5958,-0.10082
-0.59224,-0.097262
-0.58868,-0.10082
-0.58868,-0.097262
-0.58512,-0.093701
-0.58155,-0.090141
-0.57799,-0.086581
-0.57443,-0.086581
-0.57087,-0.086581
-0.56731,-0.086581
-0.56375,-0.086581
-0.56019,-0.090141
-0.56019,-0.093701
-0.55663,-0.097262
-0.55307,-0.10082
-0.55663,-0.10438
-0.55663,-0.10794
-0.56019,-0.1115
-0.56375,-0.11506
-0.56731,-0.11506
-0.56731,-0.11862
-0.56731,-0.12218
-0.56731,-0.12574
-0.56731,-0.1293
-0.56375,-0.1293
-0.56375,-0.12574
-0.56019,-0.12218
-0.55663,-0.12218
-0.55663,-0.11862
-0.55663,-0.11506
-0.55663,-0.1115
-0.55663,-0.10794
-0.55307,-0.10438
-0.54951,-0.10082
-0.54595,-0.10082
-0.54239,-0.10438
-0.54239,-0.10794
-0.54239,-0.1115
-0.54239,-0.11506
-0.54239,-0.11862
-0.54239,-0.12218
-0.54239,-0.12574
-0.54239,-0.1293
-0.53883,-0.1293
-0.54239,-0.12574
-0.54239,-0.12218
-0.54239,-0.11862
-0.53883,-0.11506
-0.53527,-0.1115
-0.53527,-0.10794
-0.53171,-0.10438
-0.52815,-0.10794
-0.52459,-0.10794
-0.52103,-0.10438
-0.51747,-0.10794
-0.51391,-0.1115
-0.51747,-0.11506
-0.51747,-0.11862
-0.52103,-0.12218
-0.52459,-0.12218
-0.52815,-0.12574
-0.52459,-0.12574
-0.52103,-0.1293
-0.52103,-0.13286
-0.51747,-0.13286
-0.51391,-0.13642
-0.51391,-0.13999
-0.51747,-0.14355
-0.52103,-0.14355
-0.52459,-0.14355
-0.52103,-0.14711
-0.51747,-0.14711
-0.51391,-0.15067
-0.51391,-0.15423
-0.51747,-0.15779
-0.51391,-0.15779
-0.51035,-0.15423
-0.50679,-0.15067
-0.51035,-0.15067
-0.51391,-0.14711
-0.51391,-0.14355
-0.51035,-0.13999
-0.50679,-0.13999
-0.50679,-0.13642
-0.51035,-0.13286
-0.50679,-0.1293
-0.50323,-0.1293
-0.49967,-0.13286
-0.49967,-0.13642
-0.49611,-0.13999
-0.49255,-0.13999
-0.48899,-0.14355
-0.49255,-0.14711
-0.49255,-0.15067
-0.49611,-0.15423
-0.49611,-0.15779
-0.49255,-0.15779
-0.48899,-0.15423
-0.48543,-0.15423
-0.48187,-0.15779
-0.48543,-0.16135
-0.48899,-0.16491
-0.49255,-0.16491
-0.49611,-0.16491
-0.49967,-0.16847
-0.49967,-0.17203
-0.49967,-0.17559
-0.50323,-0.17915
-0.50679,-0.17559
-0.50679,-0.17203
-0.50679,-0.17559
-0.50323,-0.17915
-0.50323,-0.18271
-0.50679,-0.18627
-0.50679,-0.18983
-0.50323,-0.18627
-0.49967,-0.18271
-0.49611,-0.17915
-0.49255,-0.17915
-0.48899,-0.17915
-0.49255,-0.17915
-0.49611,-0.17559
-0.49611,-0.17203
-0.49255,-0.16847
-0.48899,-0.16847
-0.48543,-0.16491
-0.48187,-0.16491
-0.47831,-0.16847
-0.47831,-0.17203
-0.47831,-0.17559
-0.47831,-0.17915
-0.47831,-0.18271
-0.47831,-0.18627
-0.47475,-0.18627
-0.47119,-0.18983
-0.47119,-0.19339
-0.47475,-0.19695
-0.47831,-0.19339
-0.48187,-0.19339
-0.48543,-0.19339
-0.48899,-0.19339
-0.48899,-0.19695
-0.48543,-0.19695
-0.48187,-0.19695
-0.47831,-0.19695
-0.47475,-0.20051
-0.47831,-0.20407
-0.48187,-0.20407
-0.48543,-0.20763
-0.48899,-0.20763
-0.48543,-0.20763
-0.48187,-0.21119
-0.47831,-0.21119
-0.47475,-0.21119
-0.47475,-0.20763
-0.47475,-0.20407
-0.47475,-0.20051
-0.47119,-0.19695
-0.46763,-0.19695
-0.46763,-0.19339
-0.46407,-0.18983
-0.46051,-0.18627
-0.45695,-0.18983
-0.45695,-0.19339
-0.45695,-0.19695
-0.46051,-0.20051
-0.46051,-0.20407
-0.45695,-0.20407
-0.45338,-0.20407
-0.44982,-0.20407
-0.44626,-0.20407
-0.4427,-0.20763
-0.43914,-0.21119
-0.43558,-0.21475
-0.43914,-0.21831
-0.43558,-0.21831
-0.43202,-0.22187
-0.42846,-0.22187
-0.4249,-0.22543
-0.4249,-0.22899
-0.42134,-0.22899
-0.41778,-0.23255
-0.41422,-0.23611
-0.41422,-0.23967
-0.41778,-0.24323
-0.42134,-0.23967
-0.41778,-0.24323
-0.41778,-0.24679
-0.41778,-0.25035
-0.42134,-0.25391
-0.4249,-0.25391
-0.42846,-0.25035
-0.43202,-0.25035
-0.43558,-0.25391
-0.43558,-0.25747
-0.43558,-0.26103
-0.43914,-0.26459
-0.4427,-0.26816
-0.44626,-0.26816
-0.44982,-0.26459
-0.44982,-0.26816
-0.44626,-0.27172
-0.4427,-0.27528
-0.43914,-0.27884
-0.43914,-0.2824
-0.43914,-0.28596
-0.43558,-0.28952
-0.43202,-0.29308
-0.42846,-0.29308
-0.42846,-0.28952
-0.42846,-0.28596
-0.43202,-0.2824
-0.43558,-0.27884
-0.43558,-0.27528
-0.43914,-0.27172
-0.43558,-0.26816
-0.43202,-0.26459
-0.42846,-0.26459
-0.4249,-0.26459
-0.42134,-0.26459
-0.41778,-0.26816
-0.41778,-0.27172
-0.41778,-0.27528
-0.41778,-0.27884
-0.41778,-0.2824
-0.41422,-0.28596
-0.41066,-0.28596
-0.41066,-0.2824
-0.41066,-0.27884
-0.41066,-0.27528
-0.4071,-0.27172
-0.40354,-0.27528
-0.40354,-0.27884
-0.39998,-0.2824
-0.39998,-0.28596
-0.39642,-0.28596
-0.39286,-0.28596
-0.3893,-0.28952
-0.38574,-0.29308
-0.38574,-0.29664
-0.38574,-0.3002
-0.3893,-0.30376
-0.38574,-0.30732
-0.38218,-0.31088
-0.38218,-0.31444
-0.37862,-0.318
-0.37862,-0.32156
-0.37862,-0.32512
-0.37506,-0.32512
-0.3715,-0.32512
-0.36794,-0.32868
-0.3715,-0.33224
-0.37506,-0.33224
-0.37862,-0.3358
-0.38218,-0.33936
-0.38218,-0.34292
-0.37862,-0.34292
-0.37506,-0.34292
-0.3715,-0.34292
-0.36794,-0.34648
-0.36794,-0.35004
-0.36438,-0.3536
-0.36438,-0.35716
-0.36082,-0.3536
-0.35726,-0.35716
-0.35726,-0.36072
-0.3537,-0.36072
-0.35014,-0.36428
-0.34658,-0.36428
-0.34302,-0.36784
-0.33946,-0.3714
-0.33946,-0.37496
-0.34302,-0.37852
-0.34658,-0.37496
-0.35014,-0.37496
-0.3537,-0.37496
-0.3537,-0.37852
-0.3537,-0.38208
-0.35014,-0.38564
-0.34658,-0.3892
-0.35014,-0.39277
-0.35014,-0.39633
-0.35014,-0.39989
-0.35014,-0.40345
-0.34658,-0.40701
-0.34302,-0.41057
-0.33946,-0.41413
-0.3359,-0.41769
-0.3359,-0.42125
-0.33234,-0.41769
-0.32877,-0.41769
-0.32521,-0.41413
-0.32165,-0.41413
-0.31809,-0.41413
-0.31453,-0.41413
-0.31097,-0.41769
-0.31097,-0.42125
-0.31453,-0.42481
-0.31453,-0.42837
-0.31097,-0.43193
-0.31453,-0.43549
-0.31809,-0.43905
-0.32165,-0.43549
-0.32521,-0.43549
-0.32877,-0.43193
-0.33234,-0.43549
-0.3359,-0.43193
-0.33946,-0.43193
-0.34302,-0.42837
-0.34658,-0.42481
-0.35014,-0.42125
-0.3537,-0.41769
-0.35726,-0.41413
-0.36082,-0.41413
-0.36438,-0.41057
-0.36794,-0.40701
-0.36438,-0.40345
-0.36794,-0.39989
-0.36794,-0.39633
-0.3715,-0.39277
-0.3715,-0.3892
-0.3715,-0.38564
-0.3715,-0.38208
-0.36794,-0.37852
-0.3715,-0.37852
-0.37506,-0.37496
-0.37862,-0.3714
-0.38218,-0.36784
-0.38574,-0.3714
-0.38574,-0.37496
-0.38574,-0.37852
-0.3893,-0.38208
-0.39286,-0.37852
-0.39286,-0.37496
-0.39642,-0.37496
-0.39998,-0.37852
-0.39998,-0.38208
-0.40354,-0.38564
-0.4071,-0.3892
-0.41066,-0.3892
-0.41066,-0.39277
-0.4071,-0.39633
-0.40354,-0.39633
-0.39998,-0.39633
-0.39642,-0.39989
-0.39642,-0.40345
-0.39998,-0.40701
-0.40354,-0.41057
-0.39998,-0.41413
-0.40354,-0.41769
-0.39998,-0.41769
-0.39642,-0.41769
-0.39286,-0.41769
-0.3893,-0.42125
-0.3893,-0.42481
-0.39286,-0.42837
-0.39642,-0.42837
-0.39642,-0.43193
-0.39286,-0.43193
-0.3893,-0.42837
-0.38574,-0.42837
-0.38218,-0.42837
-0.37862,-0.43193
-0.37506,-0.43193
-0.3715,-0.43193
-0.36794,-0.43549
-0.36438,-0.43905
-0.36438,-0.44261
-0.36082,-0.44261
-0.35726,-0.44261
-0.3537,-0.44261
-0.35014,-0.44261
-0.34658,-0.44617
-0.35014,-0.44973
-0.3537,-0.45329
-0.3537,-0.45685
-0.35726,-0.46041
-0.36082,-0.46397
-0.36438,-0.46041
-0.36438,-0.45685
-0.36438,-0.45329
-0.36438,-0.44973
-0.36794,-0.45329
-0.36794,-0.45685
-0.36438,-0.46041
-0.36082,-0.46397
-0.36082,-0.46753
-0.36438,-0.47109
-0.36438,-0.47465
-0.36438,-0.47821
-0.36082,-0.47465
-0.35726,-0.47821
-0.3537,-0.47821
-0.35014,-0.47465
-0.34658,-0.47109
-0.34302,-0.47109
-0.33946,-0.47465
-0.3359,-0.47821
-0.3359,-0.47465
-0.33234,-0.47109
-0.3359,-0.46753
-0.33946,-0.46397
-0.33946,-0.46041
-0.33946,-0.45685
-0.3359,-0.45329
-0.33234,-0.45685
-0.32877,-0.45685
-0.32521,-0.45685
-0.32165,-0.46041
-0.32165,-0.46397
-0.32165,-0.46753
-0.32165,-0.47109
-0.31809,-0.47109
-0.31453,-0.47465
-0.31453,-0.47821
-0.31453,-0.48177
-0.31809,-0.48533
-0.32165,-0.48889
-0.32521,-0.49245
-0.32521,-0.49601
-0.32521,-0.49957
-0.32165,-0.49957
-0.31809,-0.49957
-0.31453,-0.49957
-0.31453,-0.49601
-0.31453,-0.49245
-0.31097,-0.48889
-0.30741,-0.48889
-0.30385,-0.48533
-0.30029,-0.48889
-0.30029,-0.49245
-0.30029,-0.49601
-0.30029,-0.49957
-0.30385,-0.50313
-0.30741,-0.50313
-0.30385,-0.50669
-0.30385,-0.50313
-0.30029,-0.49957
-0.29673,-0.49957
-0.29317,-0.50313
-0.29317,-0.50669
-0.28961,-0.50669
-0.28605,-0.51025
-0.28605,-0.51381
-0.28605,-0.51737
-0.28961,-0.52094
-0.29317,-0.52094
-0.29673,-0.51737
-0.29673,-0.51381
-0.30029,-0.51381
-0.30029,-0.51737
-0.30029,-0.52094
-0.30029,-0.5245
-0.29673,-0.52806
-0.30029,-0.53162
-0.29673,-0.53518
-0.29673,-0.53874
-0.30029,-0.5423
-0.30385,-0.5423
-0.30029,-0.5423
-0.29673,-0.5423
-0.29317,-0.5423
-0.28961,-0.5423
-0.28605,-0.5423
-0.28249,-0.53874
-0.27893,-0.53874
-0.27537,-0.53874
-0.27181,-0.53874
-0.26825,-0.5423
-0.26825,-0.54586
-0.27181,-0.54942
-0.27537,-0.54942
-0.27537,-0.55298
-0.27181,-0.55654
-0.26825,-0.5601
-0.27181,-0.56366
-0.27537,-0.56366
-0.27537,-0.56722
-0.27181,-0.56722
-0.26825,-0.56722
-0.26469,-0.56722
-0.26113,-0.57078
-0.25757,-0.57434
-0.25757,-0.5779
-0.25401,-0.58146
-0.25401,-0.58502
-0.25757,-0.58858
-0.26113,-0.58502
-0.26469,-0.58146
-0.26469,-0.5779
-0.26825,-0.57434
-0.27181,-0.5779
-0.27181,-0.58146
-0.26825,-0.58146
-0.26469,-0.58502
-0.26113,-0.58502
-0.25757,-0.58858
-0.26113,-0.59214
-0.26469,-0.59214
-0.26825,-0.5957
-0.26825,-0.59926
-0.26469,-0.60282
-0.26113,-0.60282
-0.25757,-0.60638
-0.25401,-0.60638
-0.25045,-0.60994
-0.25045,-0.6135
-0.25045,-0.60994
-0.24689,-0.60638
-0.24689,-0.60282
-0.24333,-0.59926
-0.23977,-0.60282
-0.23621,-0.60638
-0.23977,-0.60994
-0.24333,-0.6135
-0.23977,-0.61706
-0.23621,-0.6135
-0.23265,-0.60994
-0.22909,-0.6135
-0.22909,-0.61706
-0.22909,-0.62062
-0.22909,-0.62418
-0.23265,-0.62774
-0.23265,-0.6313
-0.22909,-0.6313
-0.22553,-0.6313
-0.22197,-0.63486
-0.21841,-0.63842
-0.21485,-0.63842
-0.21129,-0.64198
-0.21485,-0.64555
-0.21841,-0.64911
-0.21841,-0.65267
-0.21841,-0.65623
-0.21841,-0.65979
-0.21485,-0.66335
-0.21485,-0.66691
-0.21485,-0.67047
-0.21841,-0.67403
-0.22197,-0.67403
-0.22197,-0.67759
-0.22553,-0.68115
-0.22909,-0.68471
-0.23265,-0.68115
-0.23621,-0.68115
-0.23977,-0.67759
-0.23977,-0.67403
-0.23977,-0.67047
-0.23977,-0.66691
-0.23977,-0.66335
-0.23621,-0.65979
-0.23265,-0.65979
-0.22909,-0.65623
-0.22909,-0.65267
-0.22909,-0.64911
-0.22553,-0.64555
-0.22553,-0.64198
-0.22909,-0.64198
-0.23265,-0.64555
-0.23265,-0.64911
-0.23621,-0.65267
-0.23621,-0.65623
-0.23977,-0.65979
-0.24333,-0.66335
-0.24689,-0.66691
-0.24689,-0.67047
-0.25045,-0.67403
-0.24689,-0.67759
-0.24333,-0.67759
-0.23977,-0.68115
-0.23977,-0.68471
-0.23621,-0.68827
-0.23977,-0.69183
-0.24333,-0.69539
-0.24689,-0.69895
-0.25045,-0.69539
-0.25045,-0.69183
-0.25401,-0.69183
-0.25757,-0.68827
-0.25757,-0.68471
-0.26113,-0.68471
-0.26113,-0.68827
-0.25757,-0.68827
-0.25401,-0.69183
-0.25401,-0.69539
-0.25401,-0.69895
-0.25401,-0.70251
-0.25045,-0.70607
-0.24689,-0.70251
-0.24333,-0.70607
-0.23977,-0.70607
-0.23621,-0.70251
-0.23265,-0.70607
-0.22909,-0.70963
-0.22909,-0.71319
-0.22909,-0.71675
-0.22909,-0.72031
-0.22909,-0.72387
-0.22553,-0.72387
-0.22553,-0.72031
-0.22909,-0.71675
-0.22909,-0.71319
-0.22553,-0.70963
-0.22197,-0.70963
-0.21841,-0.70963
-0.21841,-0.70607
-0.21841,-0.70251
-0.21841,-0.69895
-0.21841,-0.69539
-0.21485,-0.69183
-0.21129,-0.69539
-0.20773,-0.69183
-0.20417,-0.68827
-0.2006,-0.68827
-0.19704,-0.69183
-0.2006,-0.69539
-0.2006,-0.69895
-0.20417,-0.70251
-0.20773,-0.70251
-0.20773,-0.70607
-0.20773,-0.70963
-0.21129,-0.71319
-0.21129,-0.71675
-0.20773,-0.72031
-0.20773,-0.72387
-0.20773,-0.72743
-0.20417,-0.73099
-0.20773,-0.73455
-0.21129,-0.73455
-0.21485,-0.73455
-0.21841,-0.73455
-0.21485,-0.73455
-0.21129,-0.73455
-0.20773,-0.73811
-0.20773,-0.74167
-0.20773,-0.74523
-0.20773,-0.74879
-0.20773,-0.75235
-0.20773,-0.75591
-0.20417,-0.75947
-0.2006,-0.76303
-0.2006,-0.76659
-0.2006,-0.77015
-0.19704,-0.77015
-0.19348,-0.77372
-0.19348,-0.77728
-0.19704,-0.78084
-0.2006,-0.78084
-0.20417,-0.78084
-0.20773,-0.78084
-0.21129,-0.77728
-0.21485,-0.77372
-0.21129,-0.77015
-0.21485,-0.77015
-0.21841,-0.76659
-0.22197,-0.76659
-0.22553,-0.76303
-0.22553,-0.75947
-0.22553,-0.75591
-0.22909,-0.75591
-0.23265,-0.75235
-0.23621,-0.75591
-0.23265,-0.75947
-0.23265,-0.76303
-0.23621,-0.76659
-0.23621,-0.77015
-0.23621,-0.77372
-0.23977,-0.77728
-0.23977,-0.78084
-0.24333,-0.7844
-0.23977,-0.78796
-0.23977,-0.79152
-0.23977,-0.79508
-0.23621,-0.79864
-0.23621,-0.79508
-0.23621,-0.79152
-0.23621,-0.78796
-0.23265,-0.7844
-0.23265,-0.78084
-0.23265,-0.77728
-0.22909,-0.77372
-0.22553,-0.77728
-0.22197,-0.78084
-0.21841,-0.78084
-0.21485,-0.78084
-0.21129,-0.7844
-0.21485,-0.78796
-0.21841,-0.79152
-0.21841,-0.79508
-0.21485,-0.79864
-0.21129,-0.8022
-0.20773,-0.8022
-0.20417,-0.8022
-0.20417,-0.79864
-0.20417,-0.79508
-0.20417,-0.79152
-0.20773,-0.78796
-0.20773,-0.7844
-0.20417,-0.78084
-0.2006,-0.78084
-0.19704,-0.78084
-0.19348,-0.78084
-0.18992,-0.78084
-0.18636,-0.7844
-0.18992,-0.78796
-0.19348,-0.78796
-0.18992,-0.79152
-0.18992,-0.79508
-0.18992,-0.79864
-0.18992,-0.8022
-0.19348,-0.80576
-0.19348,-0.80932
-0.18992,-0.81288
-0.18636,-0.81288
-0.1828,-0.81288
-0.17924,-0.81288
-0.17568,-0.81644
-0.17568,-0.82
-0.17924,-0.82356
-0.17924,-0.82712
-0.17924,-0.83068
-0.17568,-0.83424
-0.17212,-0.8378
-0.16856,-0.84136
-0.17212,-0.84492
-0.17568,-0.84492
-0.17212,-0.84848
-0.16856,-0.84848
-0.165,-0.84848
-0.16144,-0.84848
-0.15788,-0.85204
-0.15788,-0.8556
-0.16144,-0.85916
-0.165,-0.86272
-0.16856,-0.86628
-0.16856,-0.86984
-0.17212,-0.8734
-0.17568,-0.8734
-0.17924,-0.86984
-0.17924,-0.86628
-0.17924,-0.86272
-0.1828,-0.86272
-0.18636,-0.86272
-0.18992,-0.86272
-0.18636,-0.86628
-0.18636,-0.86984
-0.1828,-0.86984
-0.17924,-0.86984
-0.17568,-0.8734
-0.17568,-0.87696
-0.17568,-0.88052
-0.17924,-0.88408
-0.1828,-0.88408
-0.18636,-0.88408
-0.18992,-0.88052
-0.19348,-0.88052
-0.19704,-0.88052
-0.2006,-0.88052
-0.20417,-0.88052
-0.20773,-0.87696
-0.21129,-0.87696
-0.21485,-0.88052
-0.21485,-0.88408
-0.21129,-0.88764
-0.20773,-0.8912
-0.20773,-0.89476
-0.20773,-0.89833
-0.20773,-0.90189
-0.20417,-0.90545
-0.20417,-0.90901
-0.20417,-0.91257
-0.2006,-0.91613
-0.2006,-0.91969
-0.19704,-0.92325
-0.19348,-0.92681
-0.19704,-0.93037
-0.2006,-0.93037
-0.19704,-0.93037
-0.19348,-0.93037
-0.18992,-0.93393
-0.18992,-0.93749
-0.19348,-0.94105
-0.19704,-0.94105
-0.19704,-0.94461
-0.19348,-0.94461
-0.18992,-0.94105
-0.18636,-0.94105
-0.18636,-0.93749
-0.18636,-0.93393
-0.1828,-0.93037
-0.17924,-0.92681
-0.17924,-0.92325
-0.17568,-0.91969
-0.17212,-0.91613
-0.17212,-0.91257
-0.17568,-0.90901
-0.17568,-0.90545
-0.17924,-0.90189
-0.17924,-0.89833
-0.17924,-0.89476
-0.17924,-0.8912
-0.17568,-0.88764
-0.17212,-0.88408
-0.16856,-0.88408
-0.165,-0.88052
-0.16144,-0.88408
-0.15788,-0.88408
-0.15788,-0.88052
-0.15788,-0.87696
-0.15788,-0.8734
-0.15432,-0.86984
-0.15076,-0.86984
-0.1472,-0.8734
-0.14364,-0.87696
-0.14364,-0.88052
-0.1472,-0.88408
-0.1472,-0.88764
-0.14364,-0.8912
-0.14008,-0.8912
-0.13652,-0.8912
-0.13296,-0.88764
-0.1294,-0.88764
-0.12584,-0.8912
-0.12228,-0.8912
-0.11872,-0.88764
-0.11516,-0.88408
-0.1116,-0.88052
-0.10804,-0.88052
-0.10448,-0.88408
-0.10448,-0.88764
-0.10092,-0.88764
-0.097357,-0.8912
-0.097357,-0.89476
-0.097357,-0.89833
-0.10092,-0.90189
-0.10448,-0.90189
-0.10448,-0.90545
-0.10448,-0.90901
-0.10448,-0.91257
-0.10448,-0.91613
-0.10092,-0.91969
-0.10092,-0.92325
-0.10092,-0.92681
-0.10448,-0.93037
-0.10448,-0.93393
-0.10448,-0.93749
-0.10448,-0.94105
-0.10804,-0.94461
-0.10804,-0.94817
-0.1116,-0.95173
-0.1116,-0.95529
-0.10804,-0.95529
-0.10448,-0.95885
-0.10804,-0.96241
-0.1116,-0.96241
-0.1116,-0.96597
-0.1116,-0.96953
-0.11516,-0.97309
-0.11516,-0.97665
-0.1116,-0.98021
-0.1116,-0.98377
-0.1116,-0.98733
-0.10804,-0.99089
-0.10804,-0.99445
-0.10804,-0.99801
-0.10804,-1.0016
-0.10804,-1.0051
-0.10448,-1.0051
-0.10092,-1.0087
-0.10092,-1.0123
-0.097357,-1.0158
-0.097357,-1.0194
-0.097357,-1.0229
-0.093796,-1.0265
-0.093796,-1.0301
-0.093796,-1.0336
-0.093796,-1.0372
-0.093796,-1.0407
-0.090236,-1.0443
-0.090236,-1.0479
-0.090236,-1.0514
-0.090236,-1.055
-0.090236,-1.0585
-0.090236,-1.0621
-0.090236,-1.0657
-0.090236,-1.0692
-0.086676,-1.0728
-0.090236,-1.0763
-0.093796,-1.0799
-0.097357,-1.0763
-0.097357,-1.0728
-0.10092,-1.0728
-0.10092,-1.0763
-0.097357,-1.0799
-0.097357,-1.0835
-0.093796,-1.0835
-0.090236,-1.087
-0.090236,-1.0906
-0.090236,-1.0941
-0.093796,-1.0977
-0.090236,-1.1013
-0.090236,-1.1048
-0.090236,-1.1084
-0.090236,-1.1119
-0.090236,-1.1155
-0.090236,-1.1191
-0.093796,-1.1226
-0.093796,-1.1262
-0.090236,-1.1297
-0.090236,-1.1333
-0.090236,-1.1369
-0.093796,-1.1404
-0.093796,-1.144
-0.090236,-1.1475
-0.093796,-1.1511
-0.093796,-1.1547
-0.093796,-1.1582
-0.093796,-1.1618
-0.093796,-1.1653
-0.093796,-1.1689
-0.097357,-1.1725
-0.093796,-1.176
-0.093796,-1.1796
-0.093796,-1.1831
-0.093796,-1.1867
-0.097357,-1.1903
-0.097357,-1.1938
-0.097357,-1.1974
-0.097357,-1.2009
-0.093796,-1.2045
-0.093796,-1.2081
-0.093796,-1.2116
-0.093796,-1.2152
-0.093796,-1.2188
-0.093796,-1.2223
-0.093796,-1.2259
-0.093796,-1.2294
-0.093796,-1.233
-0.090236,-1.2366
-0.086676,-1.2401
-0.086676,-1.2437
-0.086676,-1.2472
-0.086676,-1.2508
-0.086676,-1.2544
-0.086676,-1.2579
-0.083115,-1.2615
-0.079555,-1.265
-0.079555,-1.2686
-0.079555,-1.2722
-0.079555,-1.2757
-0.075995,-1.2793
-0.072435,-1.2757
-0.068874,-1.2722
-0.065314,-1.2722
-0.068874,-1.2686
-0.065314,-1.265
-0.061754,-1.2615
-0.061754,-1.2579
-0.065314,-1.2544
-0.068874,-1.2508
-0.065314,-1.2472
-0.061754,-1.2472
-0.058193,-1.2472
-0.054633,-1.2508
-0.051073,-1.2508
-0.047513,-1.2508
-0.043952,-1.2544
-0.040392,-1.2579
-0.036832,-1.2579
-0.033271,-1.2544
-0.029711,-1.2544
-0.026151,-1.2579
-0.022591,-1.2579
-0.022591,-1.2544
-0.022591,-1.2508
-0.022591,-1.2472
-0.026151,-1.2437
-0.022591,-1.2401
-0.01903,-1.2401
-0.01547,-1.2437
-0.01547,-1.2472
-0.01547,-1.2508
-0.01191,-1.2508
-0.0083495,-1.2508
-0.0047892,-1.2544
-0.0012289,-1.2579
-0.0012289,-1.2615
0.0023313,-1.265
0.0023313,-1.2686
0.0058916,-1.2722
0.0058916,-1.2757
0.0094519,-1.2793
0.0094519,-1.2828
0.0094519,-1.2864
0.013012,-1.2828
0.013012,-1.2793
0.016572,-1.2757
0.020133,-1.2793
0.023693,-1.2793
0.027253,-1.2793
0.030814,-1.2793
0.034374,-1.2757
0.037934,-1.2793
0.037934,-1.2828
0.037934,-1.2864
0.041494,-1.2828
0.045055,-1.2828
0.048615,-1.2828
0.052175,-1.2864
0.052175,-1.29
0.055736,-1.29
0.059296,-1.29
0.062856,-1.2864
0.066416,-1.29
0.066416,-1.2935
0.069977,-1.2971
0.069977,-1.3006
0.069977,-1.3042
0.069977,-1.3006
0.069977,-1.2971
0.069977,-1.2935
0.069977,-1.29
0.073537,-1.2864
0.073537,-1.2828
0.073537,-1.2793
0.073537,-1.2757
0.073537,-1.2722
0.073537,-1.2686
0.073537,-1.265
0.077097,-1.2615
0.077097,-1.2579
0.077097,-1.2544
0.077097,-1.2508
0.080658,-1.2472
0.080658,-1.2437
0.080658,-1.2401
0.080658,-1.2366
0.080658,-1.233
0.080658,-1.2294
0.080658,-1.2259
0.080658,-1.2223
0.084218,-1.2188
0.084218,-1.2152
0.080658,-1.2116
0.084218,-1.2081
0.084218,-1.2045
0.084218,-1.2009
0.084218,-1.1974
0.084218,-1.1938
0.084218,-1.1903
0.084218,-1.1867
0.087778,-1.1831
0.087778,-1.1796
0.087778,-1.176
0.087778,-1.1725
0.087778,-1.1689
0.087778,-1.1653
0.087778,-1.1618
0.087778,-1.1582
0.091338,-1.1547
0.091338,-1.1511
0.091338,-1.1475
0.091338,-1.144
0.091338,-1.1404
0.091338,-1.1369
0.091338,-1.1333
0.091338,-1.1297
0.094899,-1.1262
0.094899,-1.1226
0.094899,-1.1191
0.094899,-1.1155
0.094899,-1.1119
0.094899,-1.1084
0.094899,-1.1048
0.094899,-1.1013
0.094899,-1.0977
0.094899,-1.0941
0.094899,-1.0906
0.094899,-1.087
0.098459,-1.0835
0.098459,-1.0799
0.098459,-1.0763
0.098459,-1.0728
0.098459,-1.0692
0.098459,-1.0657
0.10202,-1.0621
0.10202,-1.0585
0.10202,-1.055
0.10202,-1.0514
0.10558,-1.0479
0.10558,-1.0443
0.10558,-1.0407
0.10914,-1.0372
0.10914,-1.0336
0.1127,-1.0301
0.1127,-1.0265
0.11626,-1.0229
0.11626,-1.0194
0.11626,-1.0158
0.11982,-1.0123
0.12338,-1.0087
0.12338,-1.0051
0.12338,-1.0016
0.12694,-0.99801
0.1305,-0.99445
0.1305,-0.99089
0.13406,-0.98733
0.13406,-0.98377
0.13762,-0.98021
0.14118,-0.97665
0.14118,-0.97309
0.14118,-0.96953
0.14474,-0.96597
0.1483,-0.96241
0.15186,-0.95885
0.1483,-0.95529
0.1483,-0.95173
0.1483,-0.94817
0.15186,-0.94461
0.15542,-0.94461
0.15898,-0.94461
0.16254,-0.94461
0.1661,-0.94105
0.16966,-0.94105
0.1661,-0.94105
0.16254,-0.93749
0.16254,-0.93393
0.1661,-0.93037
0.16966,-0.93037
0.17322,-0.93037
0.17679,-0.93037
0.17679,-0.92681
0.18035,-0.92325
0.18391,-0.91969
0.18747,-0.91969
0.19103,-0.92325
0.19459,-0.92325
0.19815,-0.92325
0.20171,-0.91969
0.20527,-0.91969
0.20883,-0.92325
0.21239,-0.91969
0.21595,-0.91613
0.21951,-0.91257
0.22307,-0.90901
0.22307,-0.90545
0.22307,-0.90189
0.22663,-0.89833
0.22663,-0.89476
0.22663,-0.8912
0.23019,-0.88764
0.23375,-0.88764
0.23731,-0.8912
0.23731,-0.89476
0.23731,-0.89833
0.23731,-0.89476
0.24087,-0.8912
0.24443,-0.88764
0.24443,-0.88408
0.24087,-0.88052
0.24087,-0.87696
0.24087,-0.8734
0.24443,-0.86984
0.24799,-0.86984
0.25155,-0.86984
0.25511,-0.8734
0.25867,-0.8734
0.25867,-0.86984
0.25867,-0.86628
0.26223,-0.86272
0.26579,-0.86272
0.26935,-0.86272
0.27291,-0.85916
0.27647,-0.8556
0.28003,-0.85204
0.28359,-0.85204
0.28715,-0.85204
0.29071,-0.85204
0.29427,-0.8556
0.29071,-0.85204
0.29071,-0.84848
0.29427,-0.84492
0.29071,-0.84492
0.28715,-0.84136
0.28715,-0.8378
0.28715,-0.83424
0.28715,-0.83068
0.28715,-0.82712
0.29071,-0.82356
0.29427,-0.82356
0.29783,-0.82
0.29783,-0.81644
0.3014,-0.81288
0.30496,-0.81644
0.30852,-0.82
0.30852,-0.82356
0.31208,-0.82712
0.31564,-0.82712
0.3192,-0.82712
0.32276,-0.83068
0.32276,-0.83424
0.3192,-0.8378
0.31564,-0.8378
0.31208,-0.84136
0.30852,-0.84136
0.30496,-0.84136
0.3014,-0.84136
0.30496,-0.84136
0.30852,-0.84136
0.31208,-0.84136
0.31564,-0.84136
0.3192,-0.84492
0.3192,-0.84136
0.3192,-0.8378
0.32276,-0.83424
0.32632,-0.83424
0.32632,-0.83068
0.32276,-0.83068
0.3192,-0.82712
0.3192,-0.82356
0.32276,-0.82
0.32632,-0.82
0.32988,-0.82356
0.33344,-0.82356
0.337,-0.82356
0.337,-0.82
0.33344,-0.81644
0.32988,-0.81288
0.33344,-0.80932
0.337,-0.80932
0.34056,-0.80932
0.34412,-0.80932
0.34768,-0.81288
0.34768,-0.81644
0.35124,-0.82
0.35124,-0.82356
0.34768,-0.82712
0.35124,-0.82356
0.3548,-0.82356
0.35836,-0.82712
0.35836,-0.83068
0.36192,-0.83068
0.36548,-0.82712
0.36192,-0.82712
0.35836,-0.82712
0.3548,-0.82356
0.35836,-0.82
0.36192,-0.81644
0.36548,-0.81644
0.36904,-0.81644
0.3726,-0.81288
0.37616,-0.81288
0.37972,-0.80932
0.38328,-0.80576
0.38684,-0.80576
0.3904,-0.80932
0.39396,-0.80932
0.39752,-0.81288
0.39752,-0.80932
0.39752,-0.80576
0.39752,-0.8022
0.40108,-0.79864
0.40464,-0.79508
0.40464,-0.79152
0.4082,-0.78796
0.41176,-0.78796
0.41532,-0.78796
0.41888,-0.7844
0.42244,-0.7844
0.42244,-0.78084
0.426,-0.77728
0.426,-0.77372
0.42957,-0.77015
0.43313,-0.77015
0.43669,-0.77372
0.44025,-0.77015
0.44381,-0.77015
0.44737,-0.76659
0.44737,-0.76303
0.45093,-0.75947
0.45449,-0.75947
0.45805,-0.75947
0.46161,-0.75947
0.46517,-0.75947
0.46517,-0.75591
0.46873,-0.75235
0.47229,-0.74879
0.47585,-0.74879
0.47229,-0.74523
0.46873,-0.74167
0.46873,-0.73811
0.47229,-0.73455
0.47585,-0.73455
0.47941,-0.73455
0.47941,-0.73099
0.48297,-0.72743
0.48653,-0.72743
0.49009,-0.73099
0.49009,-0.72743
0.49365,-0.72387
0.49721,-0.72031
0.50077,-0.71675
0.50077,-0.71319
0.50433,-0.70963
0.50789,-0.70607
0.50789,-0.70251
0.51145,-0.69895
0.51501,-0.69539
0.51857,-0.69895
0.52213,-0.70251
0.51857,-0.70607
0.51501,-0.70963
0.51857,-0.71319
0.51857,-0.71675
0.52213,-0.71675
0.52569,-0.71675
0.52925,-0.71675
0.53281,-0.71675
0.53637,-0.71319
0.53281,-0.70963
0.53281,-0.70607
0.53637,-0.70251
0.53993,-0.70251
0.54349,-0.69895
0.54705,-0.69895
0.55061,-0.70251
0.55061,-0.70607
0.55418,-0.70251
0.55774,-0.69895
0.5613,-0.69895
0.56486,-0.69539
0.56842,-0.69183
0.56842,-0.68827
0.57198,-0.68471
0.57554,-0.68471
0.5791,-0.68471
0.58266,-0.68471
0.5791,-0.68115
0.57554,-0.67759
0.5791,-0.67403
0.58266,-0.67403
0.58622,-0.67403
0.58978,-0.67403
0.59334,-0.67759
0.5969,-0.67403
0.5969,-0.67047
0.60046,-0.66691
0.60046,-0.66335
0.60046,-0.65979
0.60046,-0.65623
0.60046,-0.65267
0.60402,-0.64911
0.60402,-0.64555
0.60758,-0.64198
0.61114,-0.64198
0.6147,-0.64198
0.61114,-0.63842
0.6147,-0.63486
0.61826,-0.6313
0.62182,-0.6313
0.62538,-0.6313
0.62894,-0.6313
0.6325,-0.62774
0.63606,-0.62774
0.63962,-0.62774
0.64318,-0.62418
0.64674,-0.62062
0.6503,-0.62062
0.65386,-0.62062
0.65386,-0.61706
0.65742,-0.6135
0.66098,-0.6135
0.66454,-0.6135
0.6681,-0.61706
0.67166,-0.62062
0.67522,-0.62418
0.67878,-0.62418
0.67878,-0.62062
0.68235,-0.61706
0.68591,-0.6135
0.68947,-0.6135
0.68947,-0.60994
0.69303,-0.60638
0.69659,-0.60282
0.70015,-0.60282
0.70371,-0.60282
0.70371,-0.59926
0.70727,-0.5957
0.71083,-0.59214
0.71439,-0.58858
0.71795,-0.59214
0.71795,-0.5957
0.71795,-0.59926
0.71795,-0.5957
0.71795,-0.59214
0.72151,-0.58858
0.72507,-0.59214
0.72863,-0.59214
0.73219,-0.58858
0.72863,-0.58858
0.72507,-0.58858
0.72151,-0.58502
0.72507,-0.58146
0.72863,-0.5779
0.73219,-0.5779
0.73575,-0.5779
0.73931,-0.5779
0.74287,-0.58146
0.74287,-0.58502
0.74643,-0.58502
0.74999,-0.58502
0.74643,-0.58502
0.74287,-0.58146
0.73931,-0.5779
0.73931,-0.57434
0.74287,-0.57078
0.74643,-0.56722
0.74999,-0.56722
0.74999,-0.56366
0.74643,-0.5601
0.74643,-0.55654
0.74999,-0.55298
0.75355,-0.55298
0.75711,-0.55298
0.76067,-0.55298
0.75711,-0.54942
0.75355,-0.54586
0.75711,-0.5423
0.76067,-0.5423
0.76067,-0.53874
0.76067,-0.53518
0.76423,-0.53162
0.76423,-0.52806
0.76779,-0.5245
0.77135,-0.5245
0.77491,-0.5245
0.77491,-0.52094
0.77847,-0.51737
0.77847,-0.51381
0.78203,-0.51025
0.78559,-0.50669
0.78915,-0.50313
0.78915,-0.49957
0.78915,-0.49601
0.79271,-0.49245
0.79271,-0.48889
0.79627,-0.48533
0.79627,-0.48177
0.79627,-0.47821
0.79627,-0.47465
0.79627,-0.47109
0.79983,-0.46753
0.80339,-0.46753
0.80339,-0.46397
0.79983,-0.46041
0.79983,-0.45685
0.80339,-0.45329
0.80339,-0.44973
0.79983,-0.44617
0.79983,-0.44261
0.79983,-0.43905
0.80339,-0.43549
0.80696,-0.43193
0.81052,-0.43193
0.81408,-0.43193
0.81408,-0.42837
0.81764,-0.42481
0.81764,-0.42125
0.8212,-0.41769
0.82476,-0.41769
0.82832,-0.41413
0.83188,-0.41057
0.83544,-0.40701
0.839,-0.40701
0.84256,-0.40345
0.84256,-0.39989
0.84612,-0.39633
0.84968,-0.39633
0.85324,-0.39633
0.85324,-0.39277
0.84968,-0.3892
0.85324,-0.38564
0.8568,-0.38564
0.86036,-0.38208
0.86392,-0.37852
0.86748,-0.37496
0.86748,-0.3714
0.87104,-0.36784
0.8746,-0.36428
0.8746,-0.36072
0.87816,-0.35716
0.87816,-0.3536
0.87816,-0.35004
0.88172,-0.34648
0.88528,-0.34292
0.88884,-0.33936
0.8924,-0.34292
0.8924,-0.34648
0.89596,-0.35004
0.89596,-0.3536
0.89596,-0.35716
0.89952,-0.35716
0.89952,-0.3536
0.90308,-0.35004
0.90664,-0.35004
0.9102,-0.35004
0.9102,-0.34648
0.9102,-0.34292
0.91376,-0.33936
0.91732,-0.33936
0.92088,-0.33936
0.92444,-0.3358
0.928,-0.3358
0.93156,-0.33224
0.93513,-0.32868
0.93869,-0.32512
0.94225,-0.32512
0.94581,-0.32156
0.94937,-0.318
0.94937,-0.31444
0.95293,-0.31088
0.95649,-0.30732
0.95649,-0.30376
0.95649,-0.3002
0.95649,-0.29664
0.95649,-0.29308
0.96005,-0.28952
0.96361,-0.28596
0.96361,-0.2824
0.96361,-0.27884
0.96361,-0.27528
0.96361,-0.27172
0.96717,-0.26816
0.96717,-0.26459
0.97073,-0.26103
0.97429,-0.25747
0.97429,-0.25391
0.97073,-0.25035
0.96717,-0.24679
0.96361,-0.24323
0.96361,-0.23967
0.96361,-0.23611
0.96005,-0.23255
0.95649,-0.22899
0.95293,-0.22543
0.95293,-0.22187
0.95293,-0.21831
0.95293,-0.21475
0.95293,-0.21119
0.94937,-0.20763
0.94581,-0.20407
0.94225,-0.20407
0.93869,-0.20763
0.93513,-0.20407
0.93513,-0.20051
0.93869,-0.19695
0.94225,-0.19695
0.94581,-0.19695
0.94937,-0.19339
0.95293,-0.19339
0.95649,-0.18983
0.96005,-0.18983
0.96361,-0.18983
0.96717,-0.18983
0.97073,-0.18627
0.97429,-0.18271
0.97429,-0.17915
0.97429,-0.17559
0.97429,-0.17203
0.97429,-0.16847
0.97429,-0.16491
0.97429,-0.16135
0.97429,-0.15779
0.97429,-0.15423
0.97785,-0.15067
0.98141,-0.15067
0.98497,-0.14711
0.98497,-0.14355
0.98141,-0.13999
0.98141,-0.13642
0.97785,-0.13286
0.98141,-0.1293
0.98497,-0.1293
0.98853,-0.12574
0.99209,-0.12574
0.99565,-0.12574
0.99209,-0.12218
0.98853,-0.11862
0.99209,-0.11506
0.99565,-0.11506
0.99921,-0.1115
0.99921,-0.10794
1.0028,-0.10438
1.0028,-0.10082
0.99921,-0.097262
0.99921,-0.093701
1.0028,-0.090141
1.0063,-0.093701
1.0063,-0.090141
1.0063,-0.086581
1.0063,-0.083021
1.0063,-0.07946
1.0063,-0.0759
1.0063,-0.07234
1.0099,-0.068779
1.0099,-0.065219
1.0135,-0.061659
1.017,-0.061659
1.0206,-0.061659
1.0206,-0.058099
1.0206,-0.054538
1.0206,-0.050978
1.017,-0.047418
1.0135,-0.043857
1.0135,-0.040297
1.0135,-0.036737
1.0135,-0.033177
1.017,-0.029616
1.0206,-0.026056
1.0241,-0.026056
1.0277,-0.029616
1.0277,-0.026056
1.0277,-0.022496
1.0241,-0.026056
1.0206,-0.022496
1.017,-0.018935
1.0206,-0.015375
1.0241,-0.015375
1.0277,-0.015375
1.0241,-0.011815
1.0206,-0.0082546
1.0241,-0.0046943
1.0206,-0.001134
1.017,0.0024262
1.0206,0.0059865
1.0241,0.0095468
1.0241,0.013107
1.0241,0.016667
1.0277,0.020228
1.0313,0.023788
1.0348,0.020228
1.0384,0.016667
1.0384,0.013107
1.0348,0.0095468
1.0348,0.0059865
1.0313,0.0024262
1.0348,0.0059865
1.0348,0.0095468
1.0384,0.013107
1.0384,0.016667
1.0384,0.020228
1.0348,0.023788
1.0348,0.027348
1.0348,0.030908
1.0348,0.034469
1.0348,0.038029
1.0384,0.041589
1.0419,0.04515
1.0384,0.04871
1.0384,0.05227
1.0384,0.05583
1.0419,0.059391
1.0455,0.062951
1.0419,0.066511
1.0419,0.070072
1.0419,0.073632
1.0419,0.077192
1.0419,0.080752
1.0419,0.084313
1.0419,0.087873
1.0419,0.091433
1.0419,0.094994
1.0419,0.098554
1.0455,0.10211
1.0455,0.10567
1.0455,0.10923
1.0455,0.11279
1.0455,0.11636
1.0455,0.11992
1.0455,0.12348
1.0455,0.12704
1.0455,0.1306
1.0455,0.13416
1.0455,0.13772
1.0491,0.14128
1.0491,0.14484
1.0526,0.1484
1.0562,0.15196
1.0597,0.15552
1.0633,0.15196
1.0633,0.15552
1.0597,0.15552
1.0562,0.15552
1.0526,0.15908
1.0526,0.16264
1.0526,0.1662
1.0491,0.16976
1.0491,0.17332
1.0491,0.17688
1.0491,0.18044
1.0491,0.184
1.0491,0.18756
1.0491,0.19112
1.0491,0.19468
1.0491,0.19824
1.0455,0.2018
1.0455,0.20536
1.0455,0.20892
1.0419,0.21248
1.0419,0.21604
1.0419,0.2196
1.0384,0.22316
1.0384,0.22672
1.0384,0.23028
1.0348,0.23384
1.0348,0.2374
1.0313,0.24097
1.0313,0.24453
1.0277,0.24809
1.0277,0.25165
1.0241,0.25521
1.0206,0.25877
1.0206,0.26233
1.0206,0.26589
1.017,0.26945
1.017,0.27301
1.017,0.27657
1.017,0.28013
1.0206,0.28369
1.0241,0.28013
1.0241,0.28369
1.0241,0.28725
1.0277,0.29081
1.0277,0.29437
1.0277,0.29793
1.0277,0.30149
1.0277,0.30505
1.0277,0.30861
1.0313,0.31217
1.0313,0.31573
1.0313,0.31929
1.0313,0.32285
1.0348,0.32641
1.0384,0.32285
1.0384,0.32641
1.0348,0.32997
1.0348,0.33353
1.0348,0.33709
1.0384,0.34065
1.0384,0.34421
1.0348,0.34777
1.0313,0.35133
1.0313,0.35489
1.0313,0.35845
1.0277,0.36201
1.0313,0.36557
1.0348,0.36557
1.0348,0.36914
1.0348,0.3727
1.0313,0.37626
1.0277,0.37982
1.0313,0.38338
1.0313,0.38694
1.0313,0.3905
1.0277,0.39406
1.0277,0.39762
1.0241,0.40118
1.0241,0.40474
1.0277,0.4083
1.0313,0.41186
1.0313,0.41542
1.0313,0.41898
1.0348,0.42254
1.0384,0.41898
1.0384,0.41542
1.0419,0.41542
1.0419,0.41898
1.0384,0.42254
1.0384,0.4261
1.0419,0.42966
1.0384,0.43322
1.0384,0.43678
1.0384,0.44034
1.0384,0.4439
1.0419,0.44746
1.0419,0.45102
1.0419,0.45458
1.0419,0.45814
1.0384,0.4617
1.0384,0.46526
1.0384,0.46882
1.0384,0.47238
1.0384,0.47594
1.0384,0.4795
1.0384,0.48306
1.0384,0.48662
1.0384,0.49018
1.0348,0.49375
1.0348,0.49731
1.0313,0.50087
1.0313,0.50443
1.0277,0.50799
1.0277,0.51155
1.0241,0.51511
1.0206,0.51867
1.0206,0.52223
1.0206,0.52579
1.017,0.52579
1.0135,0.52935
1.0135,0.53291
1.0099,0.53647
1.0099,0.54003
1.0063,0.54359
1.0028,0.54715
1.0028,0.55071
1.0028,0.55427
1.0028,0.55783
1.0028,0.56139
1.0028,0.56495
1.0028,0.56851
1.0028,0.57207
1.0028,0.57563
1.0028,0.57919
0.99921,0.58275
0.99921,0.58631
0.99921,0.58987
0.99565,0.59343
0.99565,0.59699
0.99565,0.60055
0.99565,0.60411
0.99565,0.60767
0.99921,0.61123
0.99921,0.61479
0.99921,0.61836
0.99921,0.62192
0.99921,0.62548
1.0028,0.62904
1.0028,0.6326
1.0028,0.63616
1.0028,0.63972
0.99921,0.64328
0.99921,0.64684
0.99921,0.6504
0.99921,0.65396
0.99921,0.65752
0.99565,0.66108
0.99565,0.66464
0.99565,0.6682
0.99209,0.67176
0.99209,0.67532
0.99209,0.67888
0.98853,0.68244
0.98853,0.686
0.98497,0.68956
0.98141,0.69312
0.98141,0.69668
0.97785,0.70024
0.97429,0.7038
0.97429,0.70736
0.97073,0.71092
0.97073,0.71448
0.96717,0.71804
0.96717,0.7216
0.96361,0.72516
0.96361,0.72872
0.96005,0.73228
0.96005,0.73584
0.96005,0.7394
0.96005,0.74296
0.95649,0.74653
0.96005,0.75009
0.95649,0.75365
0.95649,0.75721
0.95649,0.76077
0.95649,0.76433
0.95649,0.76789
0.95649,0.77145
0.95649,0.77501
0.95649,0.77857
0.96005,0.78213
0.96361,0.78213
0.96361,0.78569
0.96361,0.78925
0.96005,0.78925
0.95649,0.79281
0.95293,0.79637
0.94937,0.79993
0.94937,0.80349
0.94937,0.80705
0.94581,0.81061
0.94225,0.81417
0.93869,0.81773
0.93869,0.82129
0.93869,0.82485
0.93869,0.82841
0.93513,0.83197
0.93156,0.83553
0.93156,0.83909
0.93156,0.84265
0.928,0.84621
0.928,0.84977
0.92444,0.85333
0.92444,0.85689
0.92088,0.86045
0.92088,0.86401
0.92088,0.86757
0.92088,0.87114
0.91732,0.8747
0.91732,0.87826
0.91732,0.88182
0.91376,0.88538
0.91376,0.88894
0.9102,0.88894
0.90664,0.8925
0.90308,0.89606
0.90308,0.89962
0.89952,0.90318
0.89952,0.90674
0.89952,0.9103
0.89596,0.9103
0.8924,0.9103
0.88884,0.91386
0.88528,0.91742
0.88528,0.92098
0.88528,0.92454
0.88172,0.92454
0.87816,0.92454
0.8746,0.9281
0.87104,0.93166
0.86748,0.93166
0.86392,0.93522
0.86036,0.93878
0.86036,0.94234
0.8568,0.94234
0.85324,0.9459
0.84968,0.94946
0.84968,0.95302
0.84612,0.95658
0.84256,0.96014
0.839,0.9637
0.83544,0.9637
0.83188,0.96726
0.83188,0.97082
0.83188,0.97438
0.82832,0.97794
0.83188,0.9815
0.82832,0.98506
0.82476,0.98862
0.82476,0.99218
0.8212,0.99574
0.8212,0.99931
0.8212,1.0029
0.8212,1.0064
0.82476,1.01
0.8212,1.01
0.81764,1.0135
0.81764,1.0171
0.81408,1.0207
0.81408,1.0242
0.81408,1.0278
0.81052,1.0313
0.81052,1.0349
0.81052,1.0385
0.81052,1.042
0.80696,1.0456
0.80696,1.0491
0.80339,1.0491
0.79983,1.0527
0.79627,1.0563
0.79271,1.0563
0.78915,1.0598
0.78559,1.0598
0.78203,1.0634
0.77847,1.067
0.77491,1.0705
0.77135,1.0741
0.77135,1.0776
0.76779,1.0812
0.76423,1.0812
0.76067,1.0812
0.75711,1.0848
0.75355,1.0883
0.75355,1.0919
0.74999,1.0954
0.74999,1.099
0.74643,1.1026
0.74643,1.1061
0.74643,1.1097
0.74643,1.1132
0.74643,1.1168
0.74643,1.1204
0.74999,1.1239
0.75355,1.1204
0.75355,1.1168
0.75355,1.1204
0.75355,1.1239
0.75355,1.1275
0.75355,1.131
0.74999,1.131
0.74643,1.1346
0.74643,1.1382
0.74287,1.1417
0.73931,1.1453
0.73931,1.1488
0.73575,1.1524
0.73575,1.156
0.73931,1.1595
0.73575,1.1595
0.73219,1.1631
0.73219,1.1666
0.72863,1.1702
0.72863,1.1738
0.72507,1.1773
0.72151,1.1809
0.71795,1.1809
0.71439,1.1809
0.71083,1.1844
0.70727,1.1844
0.70371,1.188
0.70015,1.1916
0.70015,1.1951
0.69659,1.1987
0.69659,1.2022
0.69303,1.2058
0.68947,1.2094
0.68591,1.2094
0.68235,1.2094
0.67878,1.2129
0.67522,1.2165
0.67522,1.22
0.67166,1.2236
0.6681,1.2236
0.66454,1.2236
0.66098,1.2272
0.65742,1.2272
0.65386,1.2307
0.6503,1.2343
0.6503,1.2378
0.64674,1.2378
0.64318,1.2378
0.63962,1.2414
0.63606,1.2414
0.6325,1.2414
0.62894,1.245
0.62538,1.2485
0.62182,1.2521
0.62182,1.2556
0.61826,1.2556
0.6147,1.2592
0.61114,1.2592
0.60758,1.2628
0.60402,1.2663
0.60402,1.2699
0.60046,1.2699
0.5969,1.2734
0.59334,1.277
0.58978,1.2806
0.58622,1.2841
0.58266,1.2841
0.5791,1.2877
0.57554,1.2912
0.57198,1.2912
0.56842,1.2948
0.56486,1.2984
0.5613,1.3019
0.55774,1.3055
0.55418,1.3055
0.55061,1.3055
0.54705,1.3055
0.54349,1.3055
0.53993,1.309
0.53637,1.309
0.53281,1.309
0.52925,1.3126
0.52925,1.3162
0.52569,1.3162
0.52213,1.3162
0.51857,1.3162
0.51501,1.3197
0.51145,1.3233
0.50789,1.3233
0.50433,1.3233
0.50077,1.3269
0.49721,1.3269
0.49365,1.3304
0.49009,1.334
0.48653,1.334
0.48297,1.334
0.47941,1.3375
0.47585,1.3411
0.47229,1.3447
0.46873,1.3447
0.46517,1.3447
0.46161,1.3482
0.45805,1.3482
0.45449,1.3447
0.45093,1.3482
0.45093,1.3518
0.45093,1.3553
0.45093,1.3589
0.45093,1.3625
0.45093,1.366
0.44737,1.3696
0.44381,1.3696
0.44025,1.366
0.44025,1.3625
0.44025,1.3589
0.44025,1.3553
0.43669,1.3518
0.43313,1.3553
0.42957,1.3553
0.426,1.3553
0.42244,1.3553
0.41888,1.3553
0.41532,1.3553
0.41176,1.3589
0.4082,1.3625
0.40464,1.3589
0.40108,1.3553
0.39752,1.3553
0.39396,1.3553
0.3904,1.3589
0.38684,1.3625
0.38328,1.3625
0.37972,1.3625
0.37616,1.3625
0.3726,1.3625
0.36904,1.3625
0.36548,1.366
0.36192,1.366
0.35836,1.366
0.3548,1.3696
0.35124,1.3696
0.34768,1.3696
0.34412,1.3731
0.34056,1.3731
0.337,1.3696
0.33344,1.3696
0.32988,1.3731
0.32632,1.3731
0.32276,1.3731
0.3192,1.3767
0.3192,1.3803
0.3192,1.3838
0.3192,1.3874
0.3192,1.3909
0.31564,1.3909
0.31208,1.3874
0.30852,1.3874
0.30496,1.3838
0.3014,1.3803
0.29783,1.3803
0.29427,1.3767
0.29071,1.3803
0.28715,1.3803
0.28359,1.3803
0.28003,1.3803
0.27647,1.3838
0.27291,1.3838
0.26935,1.3838
0.26579,1.3838
0.26223,1.3874
0.25867,1.3874
0.25511,1.3874
0.25155,1.3874
0.24799,1.3909
0.24443,1.3945
0.24087,1.3945
0.23731,1.3981
0.23375,1.3981
0.23019,1.3981
0.22663,1.3981
0.22307,1.3945
0.21951,1.3945
0.21595,1.3981
0.21239,1.3981
0.20883,1.3981
0.20527,1.3981
0.20171,1.3981
0.19815,1.3981
0.19459,1.3981
0.19103,1.3981
0.18747,1.3981
0.18391,1.4016
0.18035,1.4016
0.17679,1.4016
0.17322,1.4016
0.16966,1.4052
0.1661,1.4052
0.16254,1.4016
0.15898,1.3981
0.15542,1.3945
0.15186,1.3981
0.1483,1.3981
0.14474,1.4016
0.14118,1.4052
0.13762,1.4052
0.13406,1.4052
0.1305,1.4052
0.12694,1.4052
0.12338,1.4087
0.11982,1.4052
0.11626,1.4087
0.1127,1.4087
0.10914,1.4087
0.10558,1.4087
0.10202,1.4123
0.098459,1.4123
0.094899,1.4159
0.091338,1.4159
0.087778,1.4159
0.084218,1.4159
0.080658,1.4159
0.077097,1.4194
0.073537,1.4194
0.069977,1.4194
0.066416,1.423
0.062856,1.4194
0.059296,1.4194
0.055736,1.423
0.052175,1.423
0.048615,1.423
0.045055,1.4194
0.041494,1.4159
0.037934,1.4159
0.034374,1.4194
0.030814,1.4194
0.027253,1.4194
0.023693,1.4194
0.020133,1.4194
0.016572,1.4159
0.013012,1.4159
0.0094519,1.4159
0.0058916,1.4194
0.0023313,1.4194
-0.0012289,1.4194
0.0023313,1.4159
-0.0012289,1.4123
-0.0047892,1.4123
-0.0083495,1.4123
-0.01191,1.4159
-0.01547,1.4159
-0.01903,1.4123
-0.022591,1.4123
-0.026151,1.4123
-0.029711,1.4123
-0.033271,1.4123
-0.036832,1.4123
-0.040392,1.4123
-0.043952,1.4123
-0.047513,1.4123
-0.051073,1.4123
-0.054633,1.4159
-0.054633,1.4194
-0.058193,1.4194
-0.061754,1.423
-0.065314,1.423
-0.068874,1.423
-0.072435,1.423
-0.075995,1.423
-0.079555,1.4194
-0.083115,1.4194
-0.086676,1.4194
-0.090236,1.4194
-0.093796,1.4194
-0.097357,1.4194
-0.10092,1.423
-0.10448,1.423
-0.10448,1.4194
-0.10448,1.4159
-0.10804,1.4123
-0.1116,1.4123
-0.11516,1.4123
-0.11872,1.4123
-0.12228,1.4123
-0.12584,1.4087
-0.1294,1.4087
-0.13296,1.4123
-0.13652,1.4123
-0.14008,1.4123
-0.14364,1.4123
-0.1472,1.4087
-0.15076,1.4087
-0.15432,1.4087
-0.15788,1.4087
-0.16144,1.4052
-0.165,1.4087
-0.16856,1.4052
-0.17212,1.4016
-0.17568,1.4016
-0.17924,1.4016
-0.1828,1.4016
-0.18636,1.4016
-0.18992,1.4016
-0.19348,1.4016
-0.19704,1.3981
-0.2006,1.3981
-0.20417,1.3945
-0.20773,1.3945
-0.21129,1.3945
-0.21485,1.3909
-0.21841,1.3909
-0.22197,1.3909
-0.22553,1.3909
-0.22909,1.3909
-0.23265,1.3909
-0.23621,1.3874
-0.23977,1.3838
-0.24333,1.3838
-0.24689,1.3838
-0.25045,1.3874
-0.25401,1.3874
-0.25757,1.3874
-0.26113,1.3874
-0.26469,1.3874
-0.26825,1.3838
-0.27181,1.3838
-0.27537,1.3803
-0.27537,1.3767
-0.27893,1.3731
-0.28249,1.3767
-0.28605,1.3767
-0.28961,1.3731
-0.29317,1.3731
-0.29673,1.3696
-0.30029,1.366
-0.30385,1.3625
-0.30385,1.3589
-0.30741,1.3553
-0.30741,1.3518
-0.31097,1.3482
-0.31453,1.3482
-0.31809,1.3518
-0.32165,1.3518
-0.32521,1.3482
-0.32877,1.3447
-0.33234,1.3447
-0.3359,1.3411
-0.33946,1.3411
-0.34302,1.3375
-0.34658,1.334
-0.35014,1.334
-0.3537,1.334
-0.35726,1.334
-0.36082,1.334
-0.36438,1.3304
-0.36794,1.3269
-0.3715,1.3269
-0.37506,1.3269
-0.37506,1.3233
-0.37862,1.3197
-0.38218,1.3197
-0.38574,1.3162
-0.3893,1.3126
-0.39286,1.3126
-0.39642,1.309
-0.39998,1.3055
-0.40354,1.3019
-0.4071,1.2984
-0.41066,1.2984
-0.41422,1.2948
-0.41778,1.2912
-0.42134,1.2877
-0.4249,1.2841
-0.42846,1.2806
-0.43202,1.2806
-0.43558,1.2806
-0.43558,1.277
-0.43914,1.2734
-0.4427,1.2734
-0.44626,1.2699
-0.44982,1.2699
-0.45338,1.2699
-0.45695,1.2663
-0.46051,1.2628
-0.46407,1.2592
-0.46763,1.2592
-0.47119,1.2556
-0.47475,1.2556
-0.47831,1.2556
-0.48187,1.2521
-0.48543,1.2485
-0.48899,1.2485
-0.49255,1.245
-0.49611,1.245
-0.49967,1.2414
-0.50323,1.2378
-0.50679,1.2343
-0.51035,1.2307
-0.51391,1.2272
-0.51391,1.2236
-0.51747,1.22
-0.52103,1.2165
-0.52459,1.2129
-0.52815,1.2094
-0.53171,1.2058
-0.53171,1.2022
-0.53527,1.1987
-0.53883,1.1951
-0.53883,1.1916
-0.54239,1.188
-0.54595,1.1844
-0.54951,1.1809
-0.54951,1.1773
-0.55307,1.1738
-0.55663,1.1702
-0.55663,1.1666
-0.56019,1.1631
-0.56375,1.1631
-0.56731,1.1595
-0.56731,1.156
-0.57087,1.1524
-0.57443,1.1488
-0.57799,1.1453
-0.58155,1.1417
-0.58512,1.1417
-0.58868,1.1382
-0.59224,1.1382
-0.5958,1.1382
-0.5958,1.1346
-0.59936,1.131
-0.60292,1.1275
-0.60648,1.1275
-0.61004,1.1239
-0.6136,1.1204
-0.61716,1.1168
-0.62072,1.1132
-0.62428,1.1097
-0.62784,1.1061
-0.6314,1.1061
-0.63496,1.1061
-0.63852,1.1061
-0.64208,1.1026
-0.64208,1.099
-0.64564,1.0954
-0.6492,1.0954
-0.65276,1.0954
-0.65632,1.0919
-0.65988,1.0919
-0.66344,1.0883
-0.667,1.0883
-0.67056,1.0883
-0.67412,1.0883
-0.67768,1.0883
-0.68124,1.0883
-0.6848,1.0848
-0.68836,1.0812
-0.69192,1.0812
-0.69548,1.0812
-0.69904,1.0812
-0.7026,1.0812
-0.70616,1.0812
-0.70973,1.0812
-0.71329,1.0812
-0.71685,1.0812
-0.71685,1.0776
-0.72041,1.0741
-0.72041,1.0705
-0.72041,1.067
-0.72397,1.0634
-0.72397,1.0598
-0.72397,1.0563
-0.72397,1.0527
-0.72397,1.0491
-0.72753,1.0456
-0.72753,1.042
-0.72753,1.0385
-0.73109,1.0349
-0.73465,1.0313
-0.73821,1.0278
-0.74177,1.0242
-0.74177,1.0207
-0.74177,1.0171
-0.74533,1.0135
-0.74889,1.01
-0.74889,1.0064
-0.75245,1.0029
-0.75601,0.99931
-0.75601,0.99574
-0.75957,0.99218
-0.76313,0.98862
-0.76313,0.98506
-0.76669,0.9815
-0.77025,0.97794
-0.77025,0.97438
-0.77025,0.97082
-0.77381,0.96726
-0.77381,0.9637
-0.77737,0.96014
-0.77737,0.95658
-0.78093,0.95302
-0.78449,0.94946
-0.78449,0.9459
-0.78449,0.94234
-0.78449,0.93878
-0.78449,0.93522
-0.78449,0.93166
-0.78449,0.9281
-0.78449,0.92454
-0.78805,0.92098
-0.78805,0.91742
-0.78805,0.91386
-0.78805,0.9103
-0.78805,0.90674
-0.78805,0.90318
-0.78805,0.89962
-0.79161,0.89606
-0.79161,0.8925
-0.79161,0.88894
-0.79517,0.88538
-0.79517,0.88182
-0.79517,0.87826
-0.79517,0.8747
-0.79517,0.87114
-0.79517,0.86757
-0.79161,0.86401
-0.79161,0.86045
-0.79517,0.85689
-0.79517,0.85333
-0.79517,0.84977
-0.79517,0.84621
-0.79517,0.84265
-0.79873,0.83909
-0.80229,0.83553
-0.80585,0.83197
-0.80941,0.83197
-0.80941,0.82841
-0.81297,0.82485
-0.81297,0.82129
-0.81297,0.81773
-0.81297,0.81417
-0.81297,0.81061
-0.81297,0.80705
-0.80941,0.80349
-0.80941,0.79993
-0.80941,0.79637
-0.80941,0.79281
-0.80585,0.78925
-0.80585,0.78569
-0.80229,0.78213
-0.80229,0.77857
-0.79873,0.77501
-0.79517,0.77145
-0.79517,0.76789
-0.79517,0.76433
-0.79517,0.76077
-0.79517,0.75721
-0.79873,0.75365
-0.79517,0.75009
-0.79517,0.74653
-0.79161,0.74296
-0.79517,0.7394
-0.79517,0.73584
-0.79517,0.73228
-0.79873,0.72872
-0.80229,0.72872
-0.80585,0.72516
-0.80941,0.7216
-0.80585,0.71804
-0.80229,0.71448
-0.80229,0.71092
-0.80229,0.70736
-0.80229,0.7038
-0.80229,0.70024
-0.80229,0.69668
-0.80229,0.69312
-0.80229,0.68956
-0.80229,0.686
-0.80585,0.68244
-0.80941,0.68244
-0.81297,0.686
-0.81297,0.68956
-0.81653,0.69312
-0.81297,0.69668
-0.81297,0.70024
-0.81297,0.7038
-0.81297,0.70736
-0.81653,0.70736
-0.81653,0.7038
-0.81297,0.70024
-0.81297,0.69668
-0.81653,0.69312
-0.81653,0.68956
-0.82009,0.686
-0.81653,0.68244
-0.81297,0.68244
-0.80941,0.67888
-0.80585,0.67888
-0.80229,0.67532
-0.79873,0.67176
-0.80229,0.6682
-0.79873,0.66464
-0.79517,0.66108
-0.79517,0.65752
-0.79517,0.65396
-0.79517,0.6504
-0.79873,0.64684
-0.80229,0.64328
-0.80585,0.64328
-0.80585,0.63972
-0.80585,0.63616
-0.80585,0.6326
-0.80585,0.62904
-0.80941,0.62548
-0.81297,0.62548
-0.81653,0.62548
-0.82009,0.62904
-0.82009,0.62548
-0.82009,0.62192
-0.82009,0.61836
-0.81653,0.61836
-0.81297,0.61479
-0.81297,0.61123
-0.81297,0.60767
-0.81653,0.60411
-0.82009,0.60767
-0.82009,0.60411
-0.82365,0.60055
-0.82721,0.59699
-0.82721,0.59343
-0.83077,0.58987
-0.83077,0.58631
-0.83433,0.58275
-0.8379,0.57919
-0.84146,0.57919
-0.84502,0.57919
